data;
set max_time := 2147483647
set service_time := 0
set I := CITY_0 CITY_1 CITY_2 CITY_3 CITY_4 CITY_5 CITY_6 CITY_7 CITY_8 CITY_9 CITY_10 CITY_11 CITY_12 CITY_13 CITY_14 CITY_15 CITY_16 CITY_17 CITY_18 CITY_19 CITY_20 CITY_21 CITY_22 CITY_23 CITY_24 CITY_25 CITY_26 CITY_27 CITY_28 CITY_29 CITY_30 CITY_31 CITY_32 CITY_33 CITY_34 CITY_35 CITY_36 CITY_37 CITY_38 CITY_39 CITY_40 CITY_41 CITY_42 CITY_43 CITY_44 CITY_45 CITY_46 CITY_47 CITY_48 CITY_49 CITY_50 CITY_51 CITY_52 CITY_53 CITY_54 CITY_55 CITY_56 CITY_57 CITY_58 CITY_59 CITY_60 CITY_61 CITY_62 CITY_63 CITY_64 CITY_65 CITY_66 CITY_67 CITY_68 CITY_69 CITY_70 CITY_71 CITY_72 CITY_73 CITY_74 CITY_75;
set J := CITY_0 CITY_1 CITY_2 CITY_3 CITY_4 CITY_5 CITY_6 CITY_7 CITY_8 CITY_9 CITY_10 CITY_11 CITY_12 CITY_13 CITY_14 CITY_15 CITY_16 CITY_17 CITY_18 CITY_19 CITY_20 CITY_21 CITY_22 CITY_23 CITY_24 CITY_25 CITY_26 CITY_27 CITY_28 CITY_29 CITY_30 CITY_31 CITY_32 CITY_33 CITY_34 CITY_35 CITY_36 CITY_37 CITY_38 CITY_39 CITY_40 CITY_41 CITY_42 CITY_43 CITY_44 CITY_45 CITY_46 CITY_47 CITY_48 CITY_49 CITY_50 CITY_51 CITY_52 CITY_53 CITY_54 CITY_55 CITY_56 CITY_57 CITY_58 CITY_59 CITY_60 CITY_61 CITY_62 CITY_63 CITY_64 CITY_65 CITY_66 CITY_67 CITY_68 CITY_69 CITY_70 CITY_71 CITY_72 CITY_73 CITY_74 CITY_75;
d :	 CITY_0 CITY_1 CITY_2 CITY_3 CITY_4 CITY_5 CITY_6 CITY_7 CITY_8 CITY_9 CITY_10 CITY_11 CITY_12 CITY_13 CITY_14 CITY_15 CITY_16 CITY_17 CITY_18 CITY_19 CITY_20 CITY_21 CITY_22 CITY_23 CITY_24 CITY_25 CITY_26 CITY_27 CITY_28 CITY_29 CITY_30 CITY_31 CITY_32 CITY_33 CITY_34 CITY_35 CITY_36 CITY_37 CITY_38 CITY_39 CITY_40 CITY_41 CITY_42 CITY_43 CITY_44 CITY_45 CITY_46 CITY_47 CITY_48 CITY_49 CITY_50 CITY_51 CITY_52 CITY_53 CITY_54 CITY_55 CITY_56 CITY_57 CITY_58 CITY_59 CITY_60 CITY_61 CITY_62 CITY_63 CITY_64 CITY_65 CITY_66 CITY_67 CITY_68 CITY_69 CITY_70 CITY_71 CITY_72 CITY_73 CITY_74 CITY_75 :=
	CITY_0  0 25.4558 14.5602 19.6469 7.07107 25 9.21954 14.1421 15.8114 23.6008 26 29.1548 12.083 22.561 27.8029 27.2029 19.4165 8.06226 34.8855 23.4094 36.7696 27.2947 30.4138 31.3847 33.1361 33.2415 6.08276 16.1555 24.5153 18.4391 14.3178 37.108 22.2036 17.8045 10 18.0278 33.1059 32.0156 26.9258 22.3607 14.1421 36.2353 36.0694 31.8904 20.6155 14.1421 11.1803 26.9258 20.6155 28.0713 29.6816 11.0454 14.1421 22.6716 27.0185 42.4264 37.1618 28.178 20 38.4187 43.2666 34.2345 22.3607 22.3607 43.0116 31.6228 36.2353 5.38516 7.28011 37.3631 41.2311 39.8246 20.6155 20.6155 20 3
	CITY_1  25.4558 0 14.5602 23.0217 26.4197 33.0606 16.2788 39.598 40.2244 37.2156 47.5395 54.2033 31.7805 42.0595 53.1507 40.05 14.0357 24.5967 36.4006 47.7074 44.7214 23.7697 9.84886 12.53 25.807 42.2966 30.6105 35.1141 14.3178 30.2655 21.3776 54.7449 31 8.06226 33.2866 43.2782 34.176 38.6394 50.6063 38.833 29.1204 11.1803 10.6301 6.7082 26.0192 29.1204 35.2278 28.8617 26.0192 18.868 34.7131 18.3848 35.7771 48.1041 48.8467 49.4773 16.2788 43.2897 42.0476 63.7809 45.6946 21.2603 8.24621 8.24621 18.3848 55.5698 61.0328 30.4795 19.4165 33.2866 46.1736 40.7185 40.1622 5.38516 18.1108 23.4307
	CITY_2  14.5602 14.5602 0 24.2074 12.7279 19.9249 8.544 27.7849 26.8701 34.4819 40.1995 43.382 25.02 27.5136 40.4599 26.0768 18.0278 18.2483 40.3609 34.0588 32.311 15.2643 16.4012 25.0799 33.6155 42.4853 20.6155 20.6155 10.0499 16 7 50.2494 30.4138 10.4403 19.799 30.6105 24.0832 26.4008 41.4849 34.5254 24.7386 25.632 24.1868 21.1896 26.6271 14.5602 21.9317 17.8045 13 26.8328 36.6197 14.7648 21.6333 36.3593 34.4384 51.1077 30.0167 29.0172 34.2345 50.9902 35.609 20 8.48528 16.4924 29.6985 46.1736 50.5668 18.3576 7.28011 26.0768 34.9857 31.1448 34.0147 9.21954 7.2111 11.7047
	CITY_3  19.6469 23.0217 24.2074 0 26 42.2019 16.2788 29.4279 34 14.8661 28.3196 39.4462 15.2315 42.2019 42.72 46.0652 9 12.0416 16.2788 41.1096 54.6443 39.4081 32.3883 19.7231 14.1421 19.4165 20.025 35.7351 32.2025 36.3593 29.0689 32.573 8.06226 16.7631 29.4279 34.3657 48.1041 49.2037 33.4216 17.4929 10.2956 29.4109 31.5753 26.4764 3 32.6497 30.1496 41.7253 36.1248 11.4018 12.53 10 33.7343 36.0555 46.1736 27.313 25 47.5395 24.2074 52.5547 59.4138 41.7852 26.5707 15.0333 40.4475 38.2884 45 24.1868 20.8087 50.2195 58.258 55.1725 20.5183 21.8403 31.4006 20.6155
	CITY_4  7.07107 26.4197 12.7279 26 0 18.0278 12.0416 15.8114 14.1421 30.6105 31.4006 31.6228 18.868 17 27.8029 20.2485 24.0208 15 41.6773 21.4009 29.6985 22.0227 29.0689 34.7131 38.833 40.3113 11.7047 10.0499 21.4709 11.4018 9.21954 43.3244 29.2062 19.9249 7.07107 18.0278 26.5707 25 31.0644 29.1548 21.2132 37.5899 36.6197 33.121 27.2947 7.07107 9.21954 20.6155 14.3178 33.1361 36.6197 16.4924 9.48683 24.1661 22.8035 49.4975 40.2616 21.5407 25.4951 38.2884 36.3593 30.3645 21.2132 25.4951 42.4264 35.3553 38.8973 7 7.28011 31.4006 34.2053 33.1059 26.9258 21.095 15.8114 5.38516
	CITY_5  25 33.0606 19.9249 42.2019 18.0278 0 26.0768 30.4138 25 48.6004 48.3839 45 36.8917 16.5529 37.6563 8.06226 37.5766 32.5576 58.4123 28.8617 12.53 13.0384 29.8329 44.7214 53.2259 58.1378 29.5296 14 20.3961 6.7082 13.4164 60.9262 46.669 30.3645 20.6155 30 10.0499 7.07107 46.6905 47.1699 39.0512 43.1045 40.4475 39.0128 44.0454 11.1803 22.3607 7.07107 7.07107 46.6154 53.8145 32.2025 18.0278 37 24.1868 67.2681 49.2544 12.2066 42.72 46.4866 18.3576 23.6008 25 36.4006 42.72 50.2494 52.0384 24.1661 21.4009 16.7631 16.2788 15.5242 44.7214 28.2843 15 22.6716
	CITY_6  9.21954 16.2788 8.544 16.2788 12.0416 26.0768 0 23.3452 24.5967 25.9615 32.7567 38.0132 17.1172 29.0172 37.0135 30.6757 12.1655 10 32.5576 32.2025 38.5876 23.7065 22.1359 22.8035 27.5136 34 14.4222 22 18.1108 20.6155 12.8062 42.0476 21.9545 8.60233 18.0278 27.2029 31.8904 33.0151 34.9285 26.1725 16.2788 27.0185 26.9072 22.6716 18.4391 17.4642 19.6977 25.4951 19.8494 21.3776 28.4253 6.40312 21.3776 31.8277 34.7131 42.72 28.4605 32.7567 26.9258 47.634 43.1393 28.1603 14.3178 13.6015 34.1321 39.8121 44.9444 14.4222 5.09902 34.4819 42.0119 38.9487 26.0768 11.6619 15.6525 7.61577
	CITY_7  14.1421 39.598 27.7849 29.4279 15.8114 30.4138 23.3452 0 7.07107 25.632 18.868 15.8114 15.0333 19.2094 13.8924 28.6356 32.2025 18.0278 41.4367 12.1655 39.3954 37.4833 44.1022 44.7772 43.566 35.8469 9.84886 16.7631 37.1618 24.0832 25 32.2025 28.1603 31.8904 10 5 40.1995 36.4006 16.2788 22.3607 20 50.3289 50.2096 46.0109 29.0689 20 8.06226 35 29.0689 39.8497 35.5106 23.7065 12.6491 8.60233 19.2354 44.7214 50.6063 27.4591 14.1421 24.4131 48.0833 46.1736 36.0555 36.0555 57.0088 20 23.0868 9.43398 20.8087 46 44.9444 45.8912 18.0278 34.7131 31.6228 16.4012
	CITY_8  15.8114 40.2244 26.8701 34 14.1421 25 24.5967 7.07107 0 32.2025 25.807 20 20.8806 12.2066 13.8924 22.1359 35.171 22.0227 47.2969 7.61577 32.8938 33.8378 43.1856 47.1699 48.0416 42.4853 14.0357 11 35.2278 19.2354 22.4722 39.2046 33.9559 33.121 7.07107 5 35.0143 30.4138 22.4722 29.1548 25.4951 51.3128 50.6063 46.8722 34.1321 15.8114 5 30.4138 25 43.566 41.4849 26.6833 7.07107 12 12.6491 51.4781 52.9245 20.5913 21.2132 24.2074 41.9762 43.382 35.3553 38.0789 56.5685 25.4951 27.074 10.4403 20.8087 41.3038 38.6005 40.1995 25 35 29.1548 17
	CITY_9  23.6008 37.2156 34.4819 14.8661 30.6105 48.6004 25.9615 25.632 32.2025 0 15.6525 29.6142 12.0416 43.2666 36.0555 50.2096 23.5372 16.5529 17.2627 37.6431 60.208 49.3964 46 34.4384 24.8395 10.2956 19.8494 38.2884 43.9318 42.0119 37.1214 17.72 7.2111 30 30.6105 30.3645 56.4358 55.6058 22.1359 4.12311 9.84886 44.2719 46.3249 41.2311 12.083 37.6431 30.2324 50.1199 43.909 25.2389 11.4018 20.2237 35 29.0689 44.7772 19.4165 39.4462 50.448 14.0357 44.2832 66.8506 53.9351 39.2046 29.6142 55.109 26.4008 33.6155 25.4951 28.6356 60.0083 64.8151 63.2851 9.05539 35.0143 41.4367 26.0768
	CITY_10  26 47.5395 40.1995 28.3196 31.4006 48.3839 32.7567 18.868 25.807 15.6525 0 15.0333 15.8114 38.0132 23.7697 47.4131 35.5106 23.0868 32.573 28.4253 58.1378 53.1507 54.8179 47.8017 40.2244 23.0868 20.025 35.3412 50.2494 41.7612 40.1123 13.4536 22.2036 39.5601 27.8568 21.9317 57.7235 54.7814 7 11.6619 18.868 56.4358 57.6975 52.7731 26.1725 37.3631 26.4008 51.9711 45.7056 39.598 26.9258 29.1548 31.305 17.4929 36.7967 30.2655 53.2635 46.3249 6 30.0666 66.4831 60.1332 47.0744 41.1825 65.9242 10.7703 18.0278 24.5153 33.0606 62.8013 63.561 63.8905 7.81025 43.9659 46 29
	CITY_11  29.1548 54.2033 43.382 39.4462 31.6228 45 38.0132 15.8114 20 29.6142 15.0333 0 24.4131 30.8058 10.6301 41.5933 44.6878 30.4138 46.8722 18.3848 52.1728 53.1507 59.5399 57.4891 52.8015 38.0132 23.6008 31 52.9245 39.1152 40.8044 26.4008 35.1141 46.2277 25.4951 15 55.0091 50.2494 8.06226 25.4951 29.1548 64.4438 64.8151 60.3075 38.0132 35.3553 23.3452 50.2494 44.5533 50.774 41 36.7696 27.0185 8 26.8328 45.2769 63.2535 39.2938 15.8114 15.0333 61.6604 61.9839 51.4781 49.4975 72.111 7.07107 7.28011 25.0799 36.2353 61.2046 58.0517 60.1332 20.6155 49.6488 47.4342 31.7648
	CITY_12  12.083 31.7805 25.02 15.2315 18.868 36.8917 17.1172 15.0333 20.8806 12.0416 15.8114 24.4131 0 31.3847 27.6586 38.1838 20.5183 7.28011 26.4764 27.1662 48.2701 39.0512 39.0512 33.2415 29.1204 22.2036 7.81025 26.2488 35 30.2324 26.2488 25.318 13.1529 23.7697 18.6011 20.025 45.1885 43.8292 19.2094 10.2956 5.09902 41.0488 42.0595 37.2156 14.3178 25.807 18.3576 39 32.6956 26.4197 20.6155 13.4164 23.0217 20.8806 33.5261 31.4006 38.9487 38.4187 10.2956 37.3363 55.2268 45.0111 31.4006 25.807 50.1597 24.2074 30.4138 13.4536 18.2483 49.3356 53.0094 51.8845 9 28.1603 31.4006 14.8661
	CITY_13  22.561 42.0595 27.5136 42.2019 17 16.5529 29.0172 19.2094 12.2066 43.2666 38.0132 30.8058 31.3847 0 22 11 41.0122 30.3645 57.0088 13 21.3776 28.4253 42.19 51.4781 55.5788 53.535 23.7065 7.07107 33.0151 13.4536 21.0238 51.4004 43.8634 36.4966 13 16.5529 26.2488 20.0998 34.4384 40.6079 35.3412 53.1413 51.4781 48.7032 43.0116 13 13.0384 23.3238 19.799 50.0899 51.4781 33.2415 8.544 23.0868 7.81025 62.6817 56.8858 8.544 33.3017 30.0832 31.0644 38.9487 35.3412 42.2966 55.7584 37 37.3363 18.3848 24.0832 33.2415 27.2947 30.1496 36.7967 36.6879 26.6271 22.0907
	CITY_14  27.8029 53.1507 40.4599 42.72 27.8029 37.6563 37.0135 13.8924 13.8924 36.0555 23.7697 10.6301 27.6586 22 0 33 46.0652 31.7805 53.0094 9 43.1856 47.5395 56.8507 58.6686 56.7539 45.5412 23.7065 24.0416 49.0918 32.573 36.3593 36.3593 40.1995 45.607 20.8087 9.8995 47.676 42.0476 17.4929 32.1403 32.7567 64.0312 63.7024 59.6657 41.9762 29.5466 18.6011 43.6807 38.6264 53.4883 47.0106 37.5899 20.6155 7 16.7631 53.6004 64.4981 30.1496 22.2036 10.6301 53.0377 57.2451 48.9183 49.93 70.0928 17.6918 15.8114 22.6716 33.9411 54.3415 49.163 52.0865 27.1662 48.1041 43.0465 29.7321
	CITY_15  27.2029 40.05 26.0768 46.0652 20.2485 8.06226 30.6757 28.6356 22.1359 50.2096 47.4131 41.5933 38.1838 11 33 0 42.72 35.2278 61.9112 24 10.7703 21.095 37.6431 51.1566 58.1893 60.208 30.4138 12.2066 28.1603 10.198 19.105 60.5392 49.4065 36.3456 20 26.9258 16.1245 9.21954 44.5982 48.1664 41.2311 50.4876 48.0521 46.2709 47.5079 13.4164 21.095 15 14.3178 51.923 56.8595 36.2491 16.1245 33.7343 17.72 69.4262 56.0089 4.24264 42.19 40.7922 20.0998 31.6228 32.249 42.4264 50.6952 47.5395 48.2597 24.7588 25.632 23.3238 16.4924 19.2354 45 35 22.3607 25.5539
	CITY_16  19.4165 14.0357 18.0278 9 24.0208 37.5766 12.1655 32.2025 35.171 23.5372 35.5106 44.6878 20.5183 41.0122 46.0652 42.72 0 14.4222 23.3238 42.72 50.0899 32.5269 23.5372 12.8062 15.6525 28.2843 22.3607 34.0588 24.4131 32.573 24.1661 41.2311 17.0294 8.60233 29.2746 36.7696 42.0119 44.2945 39.6989 25.632 16.6433 21.0238 22.8035 17.72 12 29.6142 30.5941 35.805 30.8869 9.21954 20.8806 8.544 33.0606 39.9625 46.2709 35.7351 18.6011 44.911 30.6105 56.4358 53.6004 33.541 18.3576 6.08276 31.5753 44.6878 50.9117 24.7386 17.2627 43.1856 53 49.0408 27.7849 13.4164 24.8395 19.0263
	CITY_17  8.06226 24.5967 18.2483 12.0416 15 32.5576 10 18.0278 22.0227 16.5529 23.0868 30.4138 7.28011 30.3645 31.7805 35.2278 14.4222 0 26.8328 29.2746 44.5982 32.8938 31.7805 27.2029 26.0192 25.6125 8.24621 24.1661 28.0713 26.1725 20.5913 32.0624 14.2127 16.5529 17.4642 22.8035 39.9625 39.6232 26.0768 16.2788 6.7082 34.2053 34.9857 30.2324 12.6491 22.0227 18.1108 33.6155 27.4591 21.8403 21.6333 6.40312 21.8403 25.5539 34.1321 34.7131 33.0151 36.2353 17.4642 42.0595 50.6063 38.1182 24.1868 19.105 42.9535 31.0644 36.8782 12.1655 12.083 43.4626 48.8365 46.8722 16.1245 20.8806 25 9.8995
	CITY_18  34.8855 36.4006 40.3609 16.2788 41.6773 58.4123 32.5576 41.4367 47.2969 17.2627 32.573 46.8722 26.4764 57.0088 53.0094 61.9112 23.3238 26.8328 0 53.6004 70.8025 55.4437 46.2385 28.0713 13.1529 11.3137 33.5261 50.9902 47.7074 52.4309 45.3431 29.7321 13.3417 31.9061 44.0114 46.3897 64.3506 65.437 39.2938 21.3776 21.8403 39.1152 42.4264 37.6563 14.4222 48.5489 44.2719 57.9828 52.4023 18.2483 6 26.2488 48.4665 46.0109 59.9083 14.0357 31.1448 63.0635 31.257 61.5224 75.6902 56.8243 41.6773 28.2312 51.3517 43.3244 50.5964 38.6264 37.0135 66.2193 74.5185 71.4213 26.3059 36.7151 47.5079 36.3593
	CITY_19  23.4094 47.7074 34.0588 41.1096 21.4009 28.8617 32.2025 12.1655 7.61577 37.6431 28.4253 18.3848 27.1662 13 9 24 42.72 29.2746 53.6004 0 34.2345 39.3573 50.2096 54.7814 55.2268 47.7598 21.095 15.6525 41.8688 24.1661 29.0689 41.7732 40.3113 40.7063 14.4222 7.28011 38.833 33.0606 23.4307 34.176 32.0624 58.8303 58.0086 54.3783 41 21.6333 12.53 35.1141 30.4138 50.9902 47.676 34.2053 12.8062 11.4018 8.60233 56.4624 60.5392 21.2132 25.0599 17.8885 44.0454 49.3964 42.5206 45.6946 63.7024 25.0599 24.5153 18.0278 28.3019 45.607 40.1995 43.1045 29.5466 42.4382 35.609 24.5967
	CITY_20  36.7696 44.7214 32.311 54.6443 29.6985 12.53 38.5876 39.3954 32.8938 60.208 58.1378 52.1728 48.2701 21.3776 43.1856 10.7703 50.0899 44.5982 70.8025 34.2345 0 22.0227 40.0125 56.7539 65.7419 70.0071 40.6079 22.8254 31.0644 18.4391 25.9422 71.1969 58.7963 42.72 30.5287 37.6431 12.6491 6.08276 55.3624 58.4123 50.9117 54.0833 51 50.2494 56.4004 22.6274 31.7648 16.0312 19.3132 59.0931 66.0681 44.6542 26.8328 44.3847 27.0185 79.196 61 13.0384 52.8394 50.1597 10.198 31.0483 36.4966 48.7032 51.788 58.2409 58.6941 35 33.8378 18.868 6 11.4018 55.4707 40.2616 26.6833 34.7131
	CITY_21  27.2947 23.7697 15.2643 39.4081 22.0227 13.0384 23.7065 37.4833 33.8378 49.3964 53.1507 53.1507 39.0512 28.4253 47.5395 21.095 32.5269 32.8938 55.4437 39.3573 22.0227 0 18 36.2491 47.634 57.7062 33.1361 23.7065 9.48683 15.2643 13.0384 64.3273 45.6508 24.0832 27.6586 38.6005 10.4403 16.1245 53.0848 49.0408 39.5601 32.249 29.0172 28.6356 41.8808 18.0278 29.8329 6.32456 8.94427 40.6079 51.8652 30.0167 26.9258 45.3542 36.2353 66.3702 39.8497 25.2389 47.1699 57.2451 21.9317 10.6301 15.6525 29.4109 30.0832 57.3149 60.4152 29.0172 20.8806 10.8167 22.561 17 47.8539 20.2485 8.06226 24.3311
	CITY_22  30.4138 9.84886 16.4012 32.3883 29.0689 29.8329 22.1359 44.1022 43.1856 46 54.8179 59.5399 39.0512 42.19 56.8507 37.6431 23.5372 31.7805 46.2385 50.2096 40.0125 18 0 21.2132 35.5106 51.788 36.2491 35.805 9.48683 29.0689 21.4009 63.1981 40.1995 16 36.1248 47.0106 28.1603 34.0588 57.0088 47.1699 37.2156 14.5602 11.0454 11.6619 35.3553 29.4109 38.2884 24.0832 23.4094 28.6531 44.3847 26.1725 37.5366 52.6973 49.6488 59.203 23.3238 41.4367 49.0408 67.3573 39.0512 12.2066 8.06226 18.0278 13.6015 61.8466 66.6483 34.6699 23.3238 25.632 40.3113 33.9559 47.8539 11.0454 15.6525 27.7849
	CITY_23  31.3847 12.53 25.0799 19.7231 34.7131 44.7214 22.8035 44.7772 47.1699 34.4384 47.8017 57.4891 33.2415 51.4781 58.6686 51.1566 12.8062 27.2029 28.0713 54.7814 56.7539 36.2491 21.2132 0 15.5242 36.4966 34.9857 44.4072 26.8328 41.0488 32.0624 52 27.313 15.0333 40.8044 49.1935 46.6154 50.6952 52.345 37.2156 29.0689 11.0454 14.5602 10.2956 22.3607 39.0512 42.3792 41.1096 37.6563 10.0499 28.2843 21.095 44.1475 52.6973 57.4891 42.0119 5.83095 54.0093 43.1856 69.1158 58.1808 33.3017 20.6155 9.21954 23.3452 57.3149 63.6553 36.7696 27.4591 45.793 58.5235 53.2259 40 16.4924 30.0832 30.3645
	CITY_24  33.1361 25.807 33.6155 14.1421 38.833 53.2259 27.5136 43.566 48.0416 24.8395 40.2244 52.8015 29.1204 55.5788 56.7539 58.1893 15.6525 26.0192 13.1529 55.2268 65.7419 47.634 35.5106 15.5242 0 23.2594 34.1321 48.8365 38.8973 48.1041 39.8121 40.8044 18.0278 23.6008 43.1045 48.5077 57.4282 59.9416 46.1411 28.6007 24.0416 26.4764 30.0832 25.632 14.8661 44.9222 44.0114 51.3128 46.5296 7.07107 15.2643 22.3607 47.2652 50 60.0333 27.1662 18.0278 60.1664 37.1214 66.4078 69.0652 47.0106 32.5269 18.3848 38.833 50.774 57.8014 38.0132 32.573 58.0517 68.6003 64.405 32.7567 27.5862 40.2244 33.541
	CITY_25  33.2415 42.2966 42.4853 19.4165 40.3113 58.1378 34 35.8469 42.4853 10.2956 23.0868 38.0132 22.2036 53.535 45.5412 60.208 28.2843 25.6125 11.3137 47.7598 70.0071 57.7062 51.788 36.4966 23.2594 0 30 48.4149 51.264 51.6624 46.0435 18.4391 12.083 36.1386 40.8044 40.4969 65.4599 65.192 30.0666 13.6015 19.105 47.2652 50.04 45.0111 16.4924 47.3814 40.4969 59.0762 53.0094 26.4764 8.24621 27.7308 45.2217 38.6394 55.0364 9.21954 40.5216 60.6053 23.3452 53 76.2168 61.0328 45.8803 34.1321 59.0339 33.541 40.7922 35.609 37.4433 68.4763 74.411 72.4224 18.4391 41.2311 49.6488 35.4683
	CITY_26  6.08276 30.6105 20.6155 20.025 11.7047 29.5296 14.4222 9.84886 14.0357 19.8494 20.025 23.6008 7.81025 23.7065 23.7065 30.4138 22.3607 8.24621 33.5261 21.095 40.6079 33.1361 36.2491 34.9857 34.1321 30 0 18.4391 30.5941 22.8254 20.0998 31.6228 20.2485 22.6716 10.8167 14.5602 38.2753 36.3593 20.8806 17.8045 11.7047 41.0122 41.2311 36.7967 20.0998 18.3576 10.7703 32.28 25.9615 30.0832 27.8568 13.8924 15.2643 17.8045 26.4764 39.2046 40.8167 30.6105 14.0357 34.1321 47.8853 40.3113 28.2312 26.4008 48.5489 25.632 30.5287 5.65685 13.3417 42.9535 45.4863 44.7772 15.2315 26.0768 26.0192 9.05539
	CITY_27  16.1555 35.1141 20.6155 35.7351 10.0499 14 22 16.7631 11 38.2884 35.3412 31 26.2488 7.07107 24.0416 12.2066 34.0588 24.1661 50.9902 15.6525 22.8254 23.7065 35.805 44.4072 48.8365 48.4149 18.4391 0 26.9072 8.544 14.4222 48.3735 38.0789 29.4279 7.81025 16 24.0208 19.6469 32.9848 36.0694 29.6816 46.2385 44.7214 41.7852 36.7696 6.40312 8.94427 19.6469 14.7648 43.1856 45.6508 26.4764 4.12311 23 13.8924 57.6281 49.8197 12.2066 30.0167 33.541 31.3209 33.8378 28.6531 35.2278 49.4065 36.3456 38.0526 12.8062 17.0294 30.4138 28.2312 29.2746 32.8024 29.7321 20.5183 15.2971
	CITY_28  24.5153 14.3178 10.0499 32.2025 21.4709 20.3961 18.1108 37.1618 35.2278 43.9318 50.2494 52.9245 35 33.0151 49.0918 28.1603 24.4131 28.0713 47.7074 41.8688 31.0644 9.48683 9.48683 26.8328 38.8973 51.264 30.5941 26.9072 0 19.7231 12.8062 60.1332 39.2173 15.8114 28.3019 39.4462 19.9249 25.02 51.4198 44.2832 34.3657 23.0217 20.0998 19.2354 34.9285 20.5183 30.5287 15.0333 13.9284 31.8277 44.7214 23.7697 29.0689 45.618 40.6079 59.5063 30.3645 31.9531 44.2832 59.4054 31.3847 10.0499 6.40312 20.5183 22.8254 56.0446 60.1664 27.8568 17.2627 19.2094 32.0156 26.4008 44 11.3137 6.40312 21.587
	CITY_29  18.4391 30.2655 16 36.3593 11.4018 6.7082 20.6155 24.0832 19.2354 42.0119 41.7612 39.1152 30.2324 13.4536 32.573 10.198 32.573 26.1725 52.4309 24.1661 18.4391 15.2643 29.0689 41.0488 48.1041 51.6624 22.8254 8.544 19.7231 0 9 54.231 40.3609 26.1725 14.1421 24.1868 16.1245 13.6015 40.3113 40.4969 32.5576 41 38.8973 36.6742 38.0132 4.47214 16.0312 11.1803 6.40312 41.7612 47.634 26.4197 12.1655 31.1448 21.2132 60.8276 46.0109 13.0384 36.0555 42.0476 25.0599 25.6125 22.8035 32.249 42.5441 44.0454 46.2709 17.4642 15.6525 22.0907 22.8035 22.1359 38.0132 25.0799 13.4164 16.2788
	CITY_30  14.3178 21.3776 7 29.0689 9.21954 13.4164 12.8062 25 22.4722 37.1214 40.1123 40.8044 26.2488 21.0238 36.3593 19.105 24.1661 20.5913 45.3431 29.0689 25.9422 13.0384 21.4009 32.0624 39.8121 46.0435 20.0998 14.4222 12.8062 9 0 51.4198 34.2053 17.2627 15.6525 26.8328 19.4165 20.2485 40.1995 36.4006 27.2947 32.28 30.4631 27.8927 31.1127 8.06226 17.8885 13.0384 7.07107 33.2415 41.0366 19.105 16.2788 33.2415 28.3019 55 37.0135 22.0227 34.1321 46.6154 30.4138 21.1896 14.3178 23.3452 35 44.5533 48.0833 16.1245 8.60233 23.0868 29.2062 26.4008 34.9285 16.1245 6.7082 11.4018
	CITY_31  37.108 54.7449 50.2494 32.573 43.3244 60.9262 42.0476 32.2025 39.2046 17.72 13.4536 26.4008 25.318 51.4004 36.3593 60.5392 41.2311 32.0624 29.7321 41.7732 71.1969 64.3273 63.1981 52 40.8044 18.4391 31.6228 48.3735 60.1332 54.231 51.4198 0 24.6982 47.2652 40.7063 35.3836 69.8928 67.5426 18.868 16.0312 26.0192 61.9839 64.0312 58.9406 29.7321 49.7695 39.4462 63.8905 57.5674 42.4853 25.6125 37.054 44.4185 30.6105 50.2096 21.8403 56.7979 59.6406 18.3576 40.8044 79.2023 70.1783 56.0089 47.2969 72.7805 19.9249 26.3059 36.7696 43.566 74.4648 76.4788 76.3217 16.4924 52.1536 56.7186 40.025
	CITY_32  22.2036 31 30.4138 8.06226 29.2062 46.669 21.9545 28.1603 33.9559 7.2111 22.2036 35.1141 13.1529 43.8634 40.1995 49.4065 17.0294 14.2127 13.3417 40.3113 58.7963 45.6508 40.1995 27.313 18.0278 12.083 20.2485 38.0789 39.2173 40.3609 34.2053 24.6982 0 24.3311 30.8707 33.1361 53.6004 53.7401 28.178 10.6301 8.544 37.3631 39.6232 34.5254 5.09902 36.2353 31.0161 47.2017 41.2311 18.0278 7.61577 15.6525 35.3412 33.2415 46.5725 20.8087 32.249 50.2494 19.3132 49.2443 64.5368 49.0408 33.9559 23.0868 48.5077 32.7567 39.8246 25.4951 25.6125 56.4358 62.9365 60.6053 14.7648 29.4279 37.5899 24.0832
	CITY_33  17.8045 8.06226 10.4403 16.7631 19.9249 30.3645 8.60233 31.8904 33.121 30 39.5601 46.2277 23.7697 36.4966 45.607 36.3456 8.60233 16.5529 31.9061 40.7063 42.72 24.0832 16 15.0333 23.6008 36.1386 22.6716 29.4279 15.8114 26.1725 17.2627 47.2652 24.3311 0 26.4008 35.805 33.8378 36.7696 42.5441 31.257 21.3776 18.4391 18.6011 14.1421 19.6469 24.0208 28.178 27.7849 23.4094 16.6433 29.1548 10.4403 29.4109 40.3113 42.72 44.0114 20.3961 39.0512 34.0147 56.2228 45.4863 25.0799 9.84886 6.08276 26.4008 47.5079 53.0094 23.0217 12.6491 34.6554 45.1774 40.8044 32.28 5.09902 16.6433 16.1245
	CITY_34  10 33.2866 19.799 29.4279 7.07107 20.6155 18.0278 10 7.07107 30.6105 27.8568 25.4951 18.6011 13 20.8087 20 29.2746 17.4642 44.0114 14.4222 30.5287 27.6586 36.1248 40.8044 43.1045 40.8044 10.8167 7.81025 28.3019 14.1421 15.6525 40.7063 30.8707 26.4008 0 11.1803 30.2655 26.9258 26.1725 28.2843 22.3607 44.4185 43.6005 39.9625 30.0832 10 2.23607 25 19.105 38.0526 38.4838 21.0238 4.47214 17.72 17.0294 50 46.4866 19.8494 22.3607 31.241 38.6264 36.7696 28.2843 31.6228 49.4975 30 32.7567 5.38516 13.8924 36 35.7771 36.1386 25 28.0179 22.3607 10.4403
	CITY_35  18.0278 43.2782 30.6105 34.3657 18.0278 30 27.2029 5 5 30.3645 21.9317 15 20.025 16.5529 9.8995 26.9258 36.7696 22.8035 46.3897 7.28011 37.6431 38.6005 47.0106 49.1935 48.5077 40.4969 14.5602 16 39.4462 24.1868 26.8328 35.3836 33.1361 35.805 11.1803 0 40.0125 35.3553 17.8885 26.9258 25 54.2033 53.8145 49.8197 34.0588 20.6155 8.94427 35.3553 29.8329 44.643 40.4475 28.2312 12.0416 7 15 49.2443 55.0091 25.0799 18.0278 20.5183 46.8722 47.927 39.0512 40.3113 60.208 20.6155 22.0907 12.8062 24.0416 46.2709 43.4166 45.1774 22.3607 38.2099 33.541 19.8494
	CITY_36  33.1059 34.176 24.0832 48.1041 26.5707 10.0499 31.8904 40.1995 35.0143 56.4358 57.7235 55.0091 45.1885 26.2488 47.676 16.1245 42.0119 39.9625 64.3506 38.833 12.6491 10.4403 28.1603 46.6154 57.4282 65.4599 38.2753 24.0208 19.9249 16.1245 19.4165 69.8928 53.6004 33.8378 30.2655 40.0125 0 7.81025 56.4358 55.4617 46.6476 42.5793 39.2046 39.0512 50.3289 20.3961 32.1403 6.40312 12.53 50.4777 60.3075 38.2884 28 47.0106 33.6155 74.4043 50.2892 20.2485 51.923 56.3205 11.6619 18.4391 26 39.4462 39.3192 60.1332 62.0725 33.2415 28.0179 7.2111 12.1655 7.07107 53.4883 30.4138 17.2047 30.4138
	CITY_37  32.0156 38.6394 26.4008 49.2037 25 7.07107 33.0151 36.4006 30.4138 55.6058 54.7814 50.2494 43.8292 20.0998 42.0476 9.21954 44.2945 39.6232 65.437 33.0606 6.08276 16.1245 34.0588 50.6952 59.9416 65.192 36.3593 19.6469 25.02 13.6015 20.2485 67.5426 53.7401 36.7696 26.9258 35.3553 7.81025 0 52.6308 54.0833 46.0977 48.0416 45.0111 44.1814 51.0882 18.0278 28.4605 10 13.4164 53.2259 60.8769 39.2046 23.7697 42.2966 26.9258 74.3303 54.9181 13 49.2443 50.01 11.7047 25.632 30.4138 42.72 46.0977 55.9017 57.0789 30.8869 28.4253 14.8661 9.21954 10.0499 51.4781 34.2053 20.6155 29.7321
	CITY_38  26.9258 50.6063 41.4849 33.4216 31.0644 46.6905 34.9285 16.2788 22.4722 22.1359 7 8.06226 19.2094 34.4384 17.4929 44.5982 39.6989 26.0768 39.2938 23.4307 55.3624 53.0848 57.0088 52.345 46.1411 30.0666 20.8806 32.9848 51.4198 40.3113 40.1995 18.868 28.178 42.5441 26.1725 17.8885 56.4358 52.6308 0 18.0278 23.3452 60.2163 61.0574 56.3028 31.6228 36.1248 24.3311 51.0882 45.0111 44.8219 33.5261 32.45 28.8617 12.0416 32.0156 37.2156 57.9828 42.9535 9.21954 23.0868 64.2884 61 49.0408 45 68.884 5 11.6619 24.0832 34.2053 62.0725 61.0328 62.1691 13.4164 46.5188 46.5296 29.8329
	CITY_39  22.3607 38.833 34.5254 17.4929 29.1548 47.1699 26.1725 22.3607 29.1548 4.12311 11.6619 25.4951 10.2956 40.6079 32.1403 48.1664 25.632 16.2788 21.3776 34.176 58.4123 49.0408 47.1699 37.2156 28.6007 13.6015 17.8045 36.0694 44.2832 40.4969 36.4006 16.0312 10.6301 31.257 28.2843 26.9258 55.4617 54.0833 18.0278 0 10 46.6154 48.3839 43.3244 15 36.0555 27.6586 49.2443 42.9535 28.4253 15.5242 21.0238 32.5576 25.1794 41.5933 22.3607 42.4382 48.1041 10 40.1995 65.5134 54.3323 40 31.6228 57.0088 22.3607 29.5466 23.4307 28.1603 59.4643 63.2456 62.1772 5 36.1248 41.2311 25.0799
	CITY_40  14.1421 29.1204 24.7386 10.2956 21.2132 39.0512 16.2788 20 25.4951 9.84886 18.868 29.1548 5.09902 35.3412 32.7567 41.2311 16.6433 6.7082 21.8403 32.0624 50.9117 39.5601 37.2156 29.0689 24.0416 19.105 11.7047 29.6816 34.3657 32.5576 27.2947 26.0192 8.544 21.3776 22.3607 25 46.6476 46.0977 23.3452 10 0 37.5899 39 34.0147 9.21954 28.2843 22.4722 40.3113 34.1321 21.6333 16.1555 11.0454 26.8328 25.9615 38.0789 28.2843 34.6554 41.8808 14.1421 42.3792 57.2014 44.4072 30 22.3607 47.4342 28.2843 34.8281 17 18.7883 50.1597 55.3173 53.535 11.1803 26.1725 31.6228 16.4012
	CITY_41  36.2353 11.1803 25.632 29.4109 37.5899 43.1045 27.0185 50.3289 51.3128 44.2719 56.4358 64.4438 41.0488 53.1413 64.0312 50.4876 21.0238 34.2053 39.1152 58.8303 54.0833 32.249 14.5602 11.0454 26.4764 47.2652 41.0122 46.2385 23.0217 41 32.28 61.9839 37.3631 18.4391 44.4185 54.2033 42.5793 48.0416 60.2163 46.6154 37.5899 0 4.24264 4.47214 32.28 40.1622 46.3249 38.0526 36.2215 21 39.1152 27.8029 46.9574 58.7282 60.0083 53.0377 10 53.9351 51.3128 74.6525 53.6004 26.4008 18.2483 15.2643 12.3693 65.215 71.0634 41.4005 30.5287 40.1622 54.7449 48.5077 48.7647 16.5529 28.1603 34.4093
	CITY_42  36.0694 10.6301 24.1868 31.5753 36.6197 40.4475 26.9072 50.2096 50.6063 46.3249 57.6975 64.8151 42.0595 51.4781 63.7024 48.0521 22.8035 34.9857 42.4264 58.0086 51 29.0172 11.0454 14.5602 30.0832 50.04 41.2311 44.7214 20.0998 38.8973 30.4631 64.0312 39.6232 18.6011 43.6005 53.8145 39.2046 45.0111 61.0574 48.3839 39 4.24264 0 5.09902 34.5254 38.4838 45.607 35.0143 33.7343 24.1868 42 28.6531 45.793 58.7282 58.5918 56.2228 14.2127 51.6624 52.3546 74.3303 50.01 22.4722 16.1555 16.7631 9 66.0379 71.6101 41.0366 29.8329 36.4006 51.3517 44.911 50.1597 15.6205 25.7099 33.9706
	CITY_43  31.8904 6.7082 21.1896 26.4764 33.121 39.0128 22.6716 46.0109 46.8722 41.2311 52.7731 60.3075 37.2156 48.7032 59.6657 46.2709 17.72 30.2324 37.6563 54.3783 50.2494 28.6356 11.6619 10.2956 25.632 45.0111 36.7967 41.7852 19.2354 36.6742 27.8927 58.9406 34.5254 14.1421 39.9625 49.8197 39.0512 44.1814 56.3028 43.3244 34.0147 4.47214 5.09902 0 29.4279 35.7351 41.8808 34.2345 32.0624 19.4165 37.0135 23.8537 42.4853 54.4518 55.5428 51.3517 11.6619 49.6488 47.5079 70.2922 50.2892 23.8537 14.0357 11.7047 14.0357 61.2944 67.0075 37.0135 26.0768 37.1618 51.1957 45.2217 45.1885 12.083 24.0208 30
	CITY_44  20.6155 26.0192 26.6271 3 27.2947 44.0454 18.4391 29.0689 34.1321 12.083 26.1725 38.0132 14.3178 43.0116 41.9762 47.5079 12 12.6491 14.4222 41 56.4004 41.8808 35.3553 22.3607 14.8661 16.4924 20.0998 36.7696 34.9285 38.0132 31.1127 29.7321 5.09902 19.6469 30.0832 34.0588 50.3289 51.0882 31.6228 15 9.21954 32.28 34.5254 29.4279 0 34.1321 30.5941 43.9318 38.1838 13.4536 10 12.0416 34.4819 35.171 46.5296 24.5967 27.4591 48.7545 22.4722 51.5461 61.5224 44.5982 29.4109 18.0278 43.4166 36.4006 43.2666 24.7386 22.6716 52.6973 60.208 57.3847 18.4391 24.7386 33.8378 21.9545
	CITY_45  14.1421 29.1204 14.5602 32.6497 7.07107 11.1803 17.4642 20 15.8114 37.6431 37.3631 35.3553 25.807 13 29.5466 13.4164 29.6142 22.0227 48.5489 21.6333 22.6274 18.0278 29.4109 39.0512 44.9222 47.3814 18.3576 6.40312 20.5183 4.47214 8.06226 49.7695 36.2353 24.0208 10 20.6155 20.3961 18.0278 36.1248 36.0555 28.2843 40.1622 38.4838 35.7351 34.1321 0 12.0416 15 9.21954 38.833 43.6005 22.8473 8.94427 27.4591 20.2485 56.5685 44.2832 15.2971 31.6228 39.4462 29.5296 27.7849 22.3607 30 43.0116 40 42.5793 13 12.3693 26 27.2029 26.5707 33.541 23.7697 14.1421 12.2066
	CITY_46  11.1803 35.2278 21.9317 30.1496 9.21954 22.3607 19.6977 8.06226 5 30.2324 26.4008 23.3452 18.3576 13.0384 18.6011 21.095 30.5941 18.1108 44.2719 12.53 31.7648 29.8329 38.2884 42.3792 44.0114 40.4969 10.7703 8.94427 30.5287 16.0312 17.8885 39.4462 31.0161 28.178 2.23607 8.94427 32.1403 28.4605 24.3311 27.6586 22.4722 46.3249 45.607 41.8808 30.5941 12.0416 0 27.0185 21.2132 39.2046 38.6264 22.2036 5 15.5242 16.0312 49.6488 48.1041 20.5183 21.095 29.0689 40.1622 39 30.4138 33.2415 51.6236 28.0179 30.5941 6 15.8114 38.0132 37.1618 37.855 24.0832 30 24.5967 12.083
	CITY_47  26.9258 28.8617 17.8045 41.7253 20.6155 7.07107 25.4951 35 30.4138 50.1199 51.9711 50.2494 39 23.3238 43.6807 15 35.805 33.6155 57.9828 35.1141 16.0312 6.32456 24.0832 41.1096 51.3128 59.0762 32.28 19.6469 15.0333 11.1803 13.0384 63.8905 47.2017 27.7849 25 35.3553 6.40312 10 51.0882 49.2443 40.3113 38.0526 35.0143 34.2345 43.9318 15 27.0185 0 6.32456 44.4185 53.9073 31.8904 23.3452 42.2966 31.0644 68.0074 45.1221 19.2094 46.0977 52.9245 17.8045 16.6433 20.6155 33.541 36.4006 55 57.4282 27.4591 21.6333 11 17.4642 13.4536 47.4342 24.6982 11.1803 24.1661
	CITY_48  20.6155 26.0192 13 36.1248 14.3178 7.07107 19.8494 29.0689 25 43.909 45.7056 44.5533 32.6956 19.799 38.6264 14.3178 30.8869 27.4591 52.4023 30.4138 19.3132 8.94427 23.4094 37.6563 46.5296 53.0094 25.9615 14.7648 13.9284 6.40312 7.07107 57.5674 41.2311 23.4094 19.105 29.8329 12.53 13.4164 45.0111 42.9535 34.1321 36.2215 33.7343 32.0624 38.1838 9.21954 21.2132 6.32456 0 39.8121 48.1041 26.1725 18.0278 36.6742 27.5862 62.0081 42.19 18.0278 39.8121 48.3011 23.3452 19.2094 18.0278 29.4109 36.6742 49.0408 51.788 21.2132 15.6205 17.1172 22.2036 19.4165 41.1096 21.2132 8.06226 17.8885
	CITY_49  28.0713 18.868 26.8328 11.4018 33.1361 46.6154 21.3776 39.8497 43.566 25.2389 39.598 50.774 26.4197 50.0899 53.4883 51.923 9.21954 21.8403 18.2483 50.9902 59.0931 40.6079 28.6531 10.0499 7.07107 26.4764 30.0832 43.1856 31.8277 41.7612 33.2415 42.4853 18.0278 16.6433 38.0526 44.643 50.4777 53.2259 44.8219 28.4253 21.6333 21 24.1868 19.4165 13.4536 38.833 39.2046 44.4185 39.8121 0 18.2483 17.0294 42 47.0106 55.0818 32.0624 14.3178 54.1295 35.609 63.561 62.1289 40 25.4558 11.3137 33.1361 49.679 56.4004 33.2415 26.4764 50.9902 61.7738 57.4282 31.8277 20.5183 33.2866 28.0179
	CITY_50  29.6816 34.7131 36.6197 12.53 36.6197 53.8145 28.4253 35.5106 41.4849 11.4018 26.9258 41 20.6155 51.4781 47.0106 56.8595 20.8806 21.6333 6 47.676 66.0681 51.8652 44.3847 28.2843 15.2643 8.24621 27.8568 45.6508 44.7214 47.634 41.0366 25.6125 7.61577 29.1548 38.4838 40.4475 60.3075 60.8769 33.5261 15.5242 16.1555 39.1152 42 37.0135 10 43.6005 38.6264 53.9073 48.1041 18.2483 0 22.0227 42.9535 40.0125 54.1202 14.8661 32.28 57.8014 25.318 55.5788 71.4493 54.231 39 26.4764 51 37.6962 44.9444 33.1059 32.5269 62.6817 70.0357 67.3573 20.3961 34.176 43.8292 31.4006
	CITY_51  11.0454 18.3848 14.7648 10 16.4924 32.2025 6.40312 23.7065 26.6833 20.2237 29.1548 36.7696 13.4164 33.2415 37.5899 36.2491 8.544 6.40312 26.2488 34.2053 44.6542 30.0167 26.1725 21.095 22.3607 27.7308 13.8924 26.4764 23.7697 26.4197 19.105 37.054 15.6525 10.4403 21.0238 28.2312 38.2884 39.2046 32.45 21.0238 11.0454 27.8029 28.6531 23.8537 12.0416 22.8473 22.2036 31.8904 26.1725 17.0294 22.0227 0 25.02 31.6228 38.0526 36.3593 26.9258 37.9473 23.7065 48.0208 49.4975 33.7343 19.0263 12.7279 36.7696 37.4433 43.2782 16.2788 10.8167 40.8167 48.2701 45.3431 21.8403 15.1327 21.9545 11.1803
	CITY_52  14.1421 35.7771 21.6333 33.7343 9.48683 18.0278 21.3776 12.6491 7.07107 35 31.305 27.0185 23.0217 8.544 20.6155 16.1245 33.0606 21.8403 48.4665 12.8062 26.8328 26.9258 37.5366 44.1475 47.2652 45.2217 15.2643 4.12311 29.0689 12.1655 16.2788 44.4185 35.3412 29.4109 4.47214 12.0416 28 23.7697 28.8617 32.5576 26.8328 46.9574 45.793 42.4853 34.4819 8.94427 5 23.3452 18.0278 42 42.9535 25.02 0 19.0263 13.3417 54.4059 49.7293 15.5563 26.0768 30.5287 35.4401 36.7151 30 34.9285 51.0882 32.249 34.1321 9.84886 16.7631 34.2345 32.311 33.3766 29.0689 30.4138 22.8035 14.0357
	CITY_53  22.6716 48.1041 36.3593 36.0555 24.1661 37 31.8277 8.60233 12 29.0689 17.4929 8 20.8806 23.0868 7 33.7343 39.9625 25.5539 46.0109 11.4018 44.3847 45.3542 52.6973 52.6973 50 38.6394 17.8045 23 45.618 31.1448 33.2415 30.6105 33.2415 40.3113 17.72 7 47.0106 42.2966 12.0416 25.1794 25.9615 58.7282 58.7282 54.4518 35.171 27.4591 15.5242 42.2966 36.6742 47.0106 40.0125 31.6228 19.0263 0 20 46.8402 58.5235 31.6228 15.2971 16.5529 53.7587 54.4243 44.6542 44.2041 65.6049 13.9284 15.1327 18.0278 29.4109 53.2353 50.2195 52.1536 20.2237 43.2782 39.9249 25
	CITY_54  27.0185 48.8467 34.4384 46.1736 22.8035 24.1868 34.7131 19.2354 12.6491 44.7772 36.7967 26.8328 33.5261 7.81025 16.7631 17.72 46.2709 34.1321 59.9083 8.60233 27.0185 36.2353 49.6488 57.4891 60.0333 55.0364 26.4764 13.8924 40.6079 21.2132 28.3019 50.2096 46.5725 42.72 17.0294 15 33.6155 26.9258 32.0156 41.5933 38.0789 60.0083 58.5918 55.5428 46.5296 20.2485 16.0312 31.0644 27.5862 55.0818 54.1202 38.0526 13.3417 20 0 63.9531 63.0635 14.1421 33.0151 23.1948 37.1214 46.7547 42.5441 48.2701 63.2456 33.6155 32.573 22.0227 30.0832 40.7185 33.0151 36.8782 37.2156 43.4626 34.2053 27.2947
	CITY_55  42.4264 49.4773 51.1077 27.313 49.4975 67.2681 42.72 44.7214 51.4781 19.4165 30.2655 45.2769 31.4006 62.6817 53.6004 69.4262 35.7351 34.7131 14.0357 56.4624 79.196 66.3702 59.203 42.0119 27.1662 9.21954 39.2046 57.6281 59.5063 60.8276 55 21.8403 20.8087 44.0114 50 49.2443 74.4043 74.3303 37.2156 22.3607 28.2843 53.0377 56.2228 51.3517 24.5967 56.5685 49.6488 68.0074 62.0081 32.0624 14.8661 36.3593 54.4059 46.8402 63.9531 0 45.1774 69.814 31.6228 60.2993 85.276 69.0797 53.8516 41.2311 65.192 40 47.0425 44.8219 46.4004 77.1751 83.5464 81.4002 26.9258 49.0408 58.3095 44.5982
	CITY_56  37.1618 16.2788 30.0167 25 40.2616 49.2544 28.4605 50.6063 52.9245 39.4462 53.2635 63.2535 38.9487 56.8858 64.4981 56.0089 18.6011 33.0151 31.1448 60.5392 61 39.8497 23.3238 5.83095 18.0278 40.5216 40.8167 49.8197 30.3645 46.0109 37.0135 56.7979 32.249 20.3961 46.4866 55.0091 50.2892 54.9181 57.9828 42.4382 34.6554 10 14.2127 11.6619 27.4591 44.2832 48.1041 45.1221 42.19 14.3178 32.28 26.9258 49.7293 58.5235 63.0635 45.1774 0 59.0339 48.7955 74.9466 61.6847 35.5106 24.5153 14.8661 21.9317 62.9365 69.3542 42.5441 32.9848 48.7545 62.3618 56.648 45.4533 21.0238 34.3657 36.0555
	CITY_57  28.178 43.2897 29.0172 47.5395 21.5407 12.2066 32.7567 27.4591 20.5913 50.448 46.3249 39.2938 38.4187 8.544 30.1496 4.24264 44.911 36.2353 63.0635 21.2132 13.0384 25.2389 41.4367 54.0093 60.1664 60.6053 30.6105 12.2066 31.9531 13.0384 22.0227 59.6406 50.2494 39.0512 19.8494 25.0799 20.2485 13 42.9535 48.1041 41.8808 53.9351 51.6624 49.6488 48.7545 15.2971 20.5183 19.2094 18.0278 54.1295 57.8014 37.9473 15.5563 31.6228 14.1421 69.814 59.0339 0 41.4005 37.3363 23.0217 35.805 35.6931 45.0999 54.626 45.5412 45.7056 25 27.6586 27.4591 19.0263 22.8035 44.5982 38.1182 25.9615 26.9258
	CITY_58  20 42.0476 34.2345 24.2074 25.4951 42.72 26.9258 14.1421 21.2132 14.0357 6 15.8114 10.2956 33.3017 22.2036 42.19 30.6105 17.4642 31.257 25.0599 52.8394 47.1699 49.0408 43.1856 37.1214 23.3452 14.0357 30.0167 44.2832 36.0555 34.1321 18.3576 19.3132 34.0147 22.3607 18.0278 51.923 49.2443 9.21954 10 14.1421 51.3128 52.3546 47.5079 22.4722 31.6228 21.095 46.0977 39.8121 35.609 25.318 23.7065 26.0768 15.2971 33.0151 31.6228 48.7955 41.4005 0 30.2655 60.9262 54.1479 41.2311 36.0555 60.4152 14.1421 20.8087 18.6815 27.074 56.8858 58.1378 58.1893 5 38.2753 40 23
	CITY_59  38.4187 63.7809 50.9902 52.5547 38.2884 46.4866 47.634 24.4131 24.2074 44.2832 30.0666 15.0333 37.3363 30.0832 10.6301 40.7922 56.4358 42.0595 61.5224 17.8885 50.1597 57.2451 67.3573 69.1158 66.4078 53 34.1321 33.541 59.4054 42.0476 46.6154 40.8044 49.2443 56.2228 31.241 20.5183 56.3205 50.01 23.0868 40.1995 42.3792 74.6525 74.3303 70.2922 51.5461 39.4462 29.0689 52.9245 48.3011 63.561 55.5788 48.0208 30.5287 16.5529 23.1948 60.2993 74.9466 37.3363 30.2655 0 60.2993 67.2309 59.4643 60.4649 80.6598 20.8806 15.2643 33.3017 44.5533 63.2456 56.1427 60.0167 35.2278 58.7282 53.2541 40.3609
	CITY_60  43.2666 45.6946 35.609 59.4138 36.3593 18.3576 43.1393 48.0833 41.9762 66.8506 66.4831 61.6604 55.2268 31.0644 53.0377 20.0998 53.6004 50.6063 75.6902 44.0454 10.198 21.9317 39.0512 58.1808 69.0652 76.2168 47.8853 31.3209 31.3847 25.0599 30.4138 79.2023 64.5368 45.4863 38.6264 46.8722 11.6619 11.7047 64.2884 65.5134 57.2014 53.6004 50.01 50.2892 61.5224 29.5296 40.1622 17.8045 23.3452 62.1289 71.4493 49.4975 35.4401 53.7587 37.1214 85.276 61.6847 23.0217 60.9262 60.2993 0 28.0713 37.5766 51.1077 49.0102 67.4685 68.3593 42.4853 38.9487 14 4.47214 5.09902 63.0635 42.0595 28.8444 40.8044
	CITY_61  34.2345 21.2603 20 41.7852 30.3645 23.6008 28.1603 46.1736 43.382 53.9351 60.1332 61.9839 45.0111 38.9487 57.2451 31.6228 33.541 38.1182 56.8243 49.3964 31.0483 10.6301 12.2066 33.3017 47.0106 61.0328 40.3113 33.8378 10.0499 25.6125 21.1896 70.1783 49.0408 25.0799 36.7696 47.927 18.4391 25.632 61 54.3323 44.4072 26.4008 22.4722 23.8537 44.5982 27.7849 39 16.6433 19.2094 40 54.231 33.7343 36.7151 54.4243 46.7547 69.0797 35.5106 35.805 54.1479 67.2309 28.0713 0 15.2315 28.8444 21.0238 65.5134 69.2604 37.108 27.074 14.1421 30.0666 23.0217 54.0093 20.1246 14.5602 31.257
	CITY_62  22.3607 8.24621 8.48528 26.5707 21.2132 25 14.3178 36.0555 35.3553 39.2046 47.0744 51.4781 31.4006 35.3412 48.9183 32.249 18.3576 24.1868 41.6773 42.5206 36.4966 15.6525 8.06226 20.6155 32.5269 45.8803 28.2312 28.6531 6.40312 22.8035 14.3178 56.0089 33.9559 9.84886 28.2843 39.0512 26 30.4138 49.0408 40 30 18.2483 16.1555 14.0357 29.4109 22.3607 30.4138 20.6155 18.0278 25.4558 39 19.0263 30 44.6542 42.5441 53.8516 24.5153 35.6931 41.2311 59.4643 37.5766 15.2315 0 14.1421 21.2132 53.8516 58.5918 26.6271 15.2643 25.6125 37.9473 32.6497 40.3113 5 10 19.7231
	CITY_63  22.3607 8.24621 16.4924 15.0333 25.4951 36.4006 13.6015 36.0555 38.0789 29.6142 41.1825 49.4975 25.807 42.2966 49.93 42.4264 6.08276 19.105 28.2312 45.6946 48.7032 29.4109 18.0278 9.21954 18.3848 34.1321 26.4008 35.2278 20.5183 32.249 23.3452 47.2969 23.0868 6.08276 31.6228 40.3113 39.4462 42.72 45 31.6228 22.3607 15.2643 16.7631 11.7047 18.0278 30 33.2415 33.541 29.4109 11.3137 26.4764 12.7279 34.9285 44.2041 48.2701 41.2311 14.8661 45.0999 36.0555 60.4649 51.1077 28.8444 14.1421 0 25.4951 50 55.9732 27.7308 18.2483 39.6989 50.9902 46.3249 33.541 9.21954 22.3607 21.1896
	CITY_64  43.0116 18.3848 29.6985 40.4475 42.4264 42.72 34.1321 57.0088 56.5685 55.109 65.9242 72.111 50.1597 55.7584 70.0928 50.6952 31.5753 42.9535 51.3517 63.7024 51.788 30.0832 13.6015 23.3452 38.833 59.0339 48.5489 49.4065 22.8254 42.5441 35 72.7805 48.5077 26.4008 49.4975 60.208 39.3192 46.0977 68.884 57.0088 47.4342 12.3693 9 14.0357 43.4166 43.0116 51.6236 36.4006 36.6742 33.1361 51 36.7696 51.0882 65.6049 63.2456 65.192 21.9317 54.626 60.4152 80.6598 49.0102 21.0238 21.2132 25.4951 0 73.8241 79.0759 47.634 36.2353 35.0143 51.0882 44 58.5235 22.4722 29.1548 40.6079
