data;
set max_time := 2147483647
set service_time := 0
set I := CITY_0 CITY_1 CITY_2 CITY_3 CITY_4 CITY_5 CITY_6 CITY_7 CITY_8 CITY_9 CITY_10 CITY_11 CITY_12 CITY_13 CITY_14 CITY_15 CITY_16 CITY_17 CITY_18 CITY_19 CITY_20 CITY_21 CITY_22 CITY_23 CITY_24 CITY_25 CITY_26 CITY_27 CITY_28 CITY_29 CITY_30 CITY_31 CITY_32 CITY_33 CITY_34 CITY_35 CITY_36 CITY_37 CITY_38 CITY_39 CITY_40 CITY_41 CITY_42 CITY_43 CITY_44 CITY_45 CITY_46 CITY_47 CITY_48 CITY_49 CITY_50 CITY_51 CITY_52 CITY_53 CITY_54 CITY_55 CITY_56 CITY_57 CITY_58 CITY_59 CITY_60 CITY_61 CITY_62 CITY_63 CITY_64 CITY_65 CITY_66 CITY_67 CITY_68 CITY_69 CITY_70 CITY_71 CITY_72 CITY_73 CITY_74 CITY_75 CITY_76 CITY_77 CITY_78 CITY_79 CITY_80 CITY_81 CITY_82 CITY_83 CITY_84 CITY_85 CITY_86 CITY_87 CITY_88 CITY_89 CITY_90 CITY_91 CITY_92 CITY_93 CITY_94 CITY_95 CITY_96 CITY_97 CITY_98 CITY_99 CITY_100 CITY_101 CITY_102 CITY_103 CITY_104 CITY_105 CITY_106 CITY_107 CITY_108 CITY_109 CITY_110 CITY_111 CITY_112 CITY_113 CITY_114 CITY_115 CITY_116 CITY_117 CITY_118 CITY_119 CITY_120 CITY_121 CITY_122 CITY_123 CITY_124 CITY_125 CITY_126 CITY_127 CITY_128 CITY_129 CITY_130 CITY_131 CITY_132 CITY_133 CITY_134 CITY_135 CITY_136 CITY_137 CITY_138 CITY_139 CITY_140 CITY_141 CITY_142 CITY_143 CITY_144 CITY_145 CITY_146 CITY_147 CITY_148 CITY_149 CITY_150 CITY_151 CITY_152 CITY_153 CITY_154 CITY_155 CITY_156 CITY_157 CITY_158 CITY_159 CITY_160 CITY_161 CITY_162 CITY_163 CITY_164 CITY_165 CITY_166 CITY_167 CITY_168 CITY_169 CITY_170 CITY_171 CITY_172 CITY_173 CITY_174 CITY_175 CITY_176 CITY_177 CITY_178 CITY_179 CITY_180 CITY_181 CITY_182 CITY_183 CITY_184 CITY_185 CITY_186 CITY_187 CITY_188 CITY_189 CITY_190 CITY_191 CITY_192 CITY_193 CITY_194 CITY_195 CITY_196 CITY_197 CITY_198 CITY_199;
set J := CITY_0 CITY_1 CITY_2 CITY_3 CITY_4 CITY_5 CITY_6 CITY_7 CITY_8 CITY_9 CITY_10 CITY_11 CITY_12 CITY_13 CITY_14 CITY_15 CITY_16 CITY_17 CITY_18 CITY_19 CITY_20 CITY_21 CITY_22 CITY_23 CITY_24 CITY_25 CITY_26 CITY_27 CITY_28 CITY_29 CITY_30 CITY_31 CITY_32 CITY_33 CITY_34 CITY_35 CITY_36 CITY_37 CITY_38 CITY_39 CITY_40 CITY_41 CITY_42 CITY_43 CITY_44 CITY_45 CITY_46 CITY_47 CITY_48 CITY_49 CITY_50 CITY_51 CITY_52 CITY_53 CITY_54 CITY_55 CITY_56 CITY_57 CITY_58 CITY_59 CITY_60 CITY_61 CITY_62 CITY_63 CITY_64 CITY_65 CITY_66 CITY_67 CITY_68 CITY_69 CITY_70 CITY_71 CITY_72 CITY_73 CITY_74 CITY_75 CITY_76 CITY_77 CITY_78 CITY_79 CITY_80 CITY_81 CITY_82 CITY_83 CITY_84 CITY_85 CITY_86 CITY_87 CITY_88 CITY_89 CITY_90 CITY_91 CITY_92 CITY_93 CITY_94 CITY_95 CITY_96 CITY_97 CITY_98 CITY_99 CITY_100 CITY_101 CITY_102 CITY_103 CITY_104 CITY_105 CITY_106 CITY_107 CITY_108 CITY_109 CITY_110 CITY_111 CITY_112 CITY_113 CITY_114 CITY_115 CITY_116 CITY_117 CITY_118 CITY_119 CITY_120 CITY_121 CITY_122 CITY_123 CITY_124 CITY_125 CITY_126 CITY_127 CITY_128 CITY_129 CITY_130 CITY_131 CITY_132 CITY_133 CITY_134 CITY_135 CITY_136 CITY_137 CITY_138 CITY_139 CITY_140 CITY_141 CITY_142 CITY_143 CITY_144 CITY_145 CITY_146 CITY_147 CITY_148 CITY_149 CITY_150 CITY_151 CITY_152 CITY_153 CITY_154 CITY_155 CITY_156 CITY_157 CITY_158 CITY_159 CITY_160 CITY_161 CITY_162 CITY_163 CITY_164 CITY_165 CITY_166 CITY_167 CITY_168 CITY_169 CITY_170 CITY_171 CITY_172 CITY_173 CITY_174 CITY_175 CITY_176 CITY_177 CITY_178 CITY_179 CITY_180 CITY_181 CITY_182 CITY_183 CITY_184 CITY_185 CITY_186 CITY_187 CITY_188 CITY_189 CITY_190 CITY_191 CITY_192 CITY_193 CITY_194 CITY_195 CITY_196 CITY_197 CITY_198 CITY_199;
d :	 CITY_0 CITY_1 CITY_2 CITY_3 CITY_4 CITY_5 CITY_6 CITY_7 CITY_8 CITY_9 CITY_10 CITY_11 CITY_12 CITY_13 CITY_14 CITY_15 CITY_16 CITY_17 CITY_18 CITY_19 CITY_20 CITY_21 CITY_22 CITY_23 CITY_24 CITY_25 CITY_26 CITY_27 CITY_28 CITY_29 CITY_30 CITY_31 CITY_32 CITY_33 CITY_34 CITY_35 CITY_36 CITY_37 CITY_38 CITY_39 CITY_40 CITY_41 CITY_42 CITY_43 CITY_44 CITY_45 CITY_46 CITY_47 CITY_48 CITY_49 CITY_50 CITY_51 CITY_52 CITY_53 CITY_54 CITY_55 CITY_56 CITY_57 CITY_58 CITY_59 CITY_60 CITY_61 CITY_62 CITY_63 CITY_64 CITY_65 CITY_66 CITY_67 CITY_68 CITY_69 CITY_70 CITY_71 CITY_72 CITY_73 CITY_74 CITY_75 CITY_76 CITY_77 CITY_78 CITY_79 CITY_80 CITY_81 CITY_82 CITY_83 CITY_84 CITY_85 CITY_86 CITY_87 CITY_88 CITY_89 CITY_90 CITY_91 CITY_92 CITY_93 CITY_94 CITY_95 CITY_96 CITY_97 CITY_98 CITY_99 CITY_100 CITY_101 CITY_102 CITY_103 CITY_104 CITY_105 CITY_106 CITY_107 CITY_108 CITY_109 CITY_110 CITY_111 CITY_112 CITY_113 CITY_114 CITY_115 CITY_116 CITY_117 CITY_118 CITY_119 CITY_120 CITY_121 CITY_122 CITY_123 CITY_124 CITY_125 CITY_126 CITY_127 CITY_128 CITY_129 CITY_130 CITY_131 CITY_132 CITY_133 CITY_134 CITY_135 CITY_136 CITY_137 CITY_138 CITY_139 CITY_140 CITY_141 CITY_142 CITY_143 CITY_144 CITY_145 CITY_146 CITY_147 CITY_148 CITY_149 CITY_150 CITY_151 CITY_152 CITY_153 CITY_154 CITY_155 CITY_156 CITY_157 CITY_158 CITY_159 CITY_160 CITY_161 CITY_162 CITY_163 CITY_164 CITY_165 CITY_166 CITY_167 CITY_168 CITY_169 CITY_170 CITY_171 CITY_172 CITY_173 CITY_174 CITY_175 CITY_176 CITY_177 CITY_178 CITY_179 CITY_180 CITY_181 CITY_182 CITY_183 CITY_184 CITY_185 CITY_186 CITY_187 CITY_188 CITY_189 CITY_190 CITY_191 CITY_192 CITY_193 CITY_194 CITY_195 CITY_196 CITY_197 CITY_198 CITY_199 :=
	CITY_0  0 18.3848 9.05539 17.2047 10 25 2.23607 21.2132 22.3607 25.632 31.4006 36.0555 16 27 34.8281 29.1548 14.0357 9.21954 33.4216 29.9666 37.4433 23.7697 23.7697 25 29.1204 34.1321 12.53 20.025 19 19.2354 12.0416 41.1947 22.2036 10.8167 15.8114 25 31.4006 32.0156 33.2415 25.4951 15.8114 29.2062 29 24.8395 19.105 15.8114 17.4642 25 19.105 23.1948 17.1172 19.799 33.6155 17.4929 7.07107 18.4391 33.2866 27.2947 17.1172 21.2603 9.21954 5 31.6228 24.0416 19.0263 18.0278 14.4222 18.1108 31.1127 31.8277 27.8927 23.0868 29.0689 31.9061 28.1603 33.9559 13.9284 32.9848 26.4197 24.3516 34.0588 11.4018 27.313 26.0768 38.8973 44.0454 13.3417 10 31.241 41.7253 30.8058 28.6531 41.7253 20.6155 25.318 5 10.4403 22.3607 14.7648 21.095 15.2315 18 22.3607 25 20.6155 11.1803 21.2132 26.2488 32.0156 25.4951 33.541 15 11.1803 32.0156 30.4138 29.1548 30.4138 15.8114 32.0156 31.6228 18.0278 26.9258 36.0555 30 33.541 11.1803 5 6.32456 29.8329 25.4951 17.4642 34 24.7588 36.0555 41.0366 41.4005 21.2132 42.4264 33.9706 11.1803 28.8617 25.4951 34.176 31.8904 29.1548 35.4683 34.2053 27.8029 43.9318 16.9706 26.9258 11.3137 4.47214 22.8035 30.4631 29.2062 23.1948 9.05539 17.8045 18.0278 25.4951 25.4951 34.9285 46.5188 49.93 40.4969 43.8634 21.3776 12.1655 21.095 39.6611 22.4722 20.1246 24.5967 27.7849 15.6525 19.6977 31.0644 25.5539 21.095 27.5862 23.3238 21.095 24.3311 23.0217 35.3553 18.3848 19.2354 9 32.249 25.6125 18.3848 20.2485 12.0416 14.8661 15.2643 17.2047 21.2603 17.4929 24.0416
	CITY_1  18.3848 0 14.5602 23.0217 26.4197 33.0606 16.2788 39.598 40.2244 37.2156 47.5395 54.2033 31.7805 42.0595 53.1507 40.05 14.0357 24.5967 36.4006 47.7074 44.7214 23.7697 9.84886 12.53 25.807 42.2966 30.6105 35.1141 14.3178 30.2655 21.3776 54.7449 31 8.06226 33.2866 43.2782 34.176 38.6394 50.6063 38.833 29.1204 11.1803 10.6301 6.7082 26.0192 29.1204 35.2278 28.8617 26.0192 18.868 33.541 38.1838 51.614 4.47214 19.6977 25.02 41.3038 41 31.9531 29.0172 27.5862 13.4536 17.2627 22.3607 15.2315 35.5106 5.09902 12.083 12.7279 50.2096 44.7214 40.3113 35.5106 33.1059 21.9317 46.2709 27.2029 49.6588 44.4072 36.3456 49.3356 28.8444 26.8328 40.5216 57.28 62.3699 10 26.4197 37.6563 23.3452 13 12.0416 45.31 10.6301 20.8087 19.7231 10.4403 33.1361 26.6833 37.1618 33.0151 13.9284 40.2244 33.0606 10.6301 8.544 28.0713 24.1868 50.3289 38.833 43.0465 30.8707 8.544 13.8924 18.7883 12.1655 18.7883 18.1108 38.6394 48.7647 23.0868 25.9422 37.1214 44.9222 43.0465 24.3516 22.2036 24.2074 46.5188 42.0476 31.3209 48.7647 43.1393 54.2033 59.4138 42.9418 2.82843 24.0416 39.2938 18.2483 25 10.198 19.0263 13.6015 22.6274 32.8024 36.7696 31.3209 48.7032 35.3553 45 21.587 17.4929 35.6931 41.0122 32.573 14.1421 14.5602 2.23607 13 10.198 36.0555 47.2652 55.4437 68.0074 57.7062 48.1041 38.0132 29.1548 37.1618 57.8014 25.7099 22.561 25.632 29.1548 33.6006 37.4433 49.2037 43.6005 37.1618 45.9674 25.9615 17 14.2127 6 18.4391 7.2111 30.2655 13.6015 45.8912 7.61577 0 4.47214 6.40312 3.60555 5 3.16228 3.16228 4.47214 5.65685
	CITY_2  9.05539 14.5602 0 24.2074 12.7279 19.9249 8.544 27.7849 26.8701 34.4819 40.1995 43.382 25.02 27.5136 40.4599 26.0768 18.0278 18.2483 40.3609 34.0588 32.311 15.2643 16.4012 25.0799 33.6155 42.4853 20.6155 20.6155 10.0499 16 7 50.2494 30.4138 10.4403 19.799 30.6105 24.0832 26.4008 41.4849 34.5254 24.7386 25.632 24.1868 21.1896 26.6271 14.5602 21.9317 17.8045 13 26.8328 26.0192 26.4197 41.2311 16 5.65685 25.807 41.5933 36.3456 17.4642 15.8114 16.1555 7.81025 31.0161 28.8444 10 21.9317 9.48683 20.2485 26.4197 38.2753 30.5287 31.5753 36.8917 38.2099 31.3847 42.9535 22.8035 41.5933 31.1127 22.0227 43.0116 20.0998 18.868 25.9615 45.2217 50.774 5.65685 12.7279 25.4951 36.8917 27.5136 21.9317 49.0408 12.53 16.2788 13.6015 12.53 31.0161 12.1655 22.8254 23.5372 9.05539 26.8701 19.9249 21.3776 11.7047 28.8444 31.0644 38.9487 34.5254 42.1545 16.6433 6.08276 26.4008 21.8403 26.6833 31.257 21.2603 39.9625 40.025 10.8167 18.3576 28.3196 30.3645 29.6142 9.84886 14.0357 12.083 32.249 34.2345 26.4764 43.0116 31.0644 41.0122 47.4342 48.0833 17.088 37.4433 27.7849 4.12311 19.9249 18.4391 26.4197 27.7308 32.311 40.4969 41.0366 34.7131 51.614 23.7065 34.5398 19.2354 5.09902 21.2132 27.1662 22.0227 14.5602 0 15.1327 20.6155 24.0832 34.176 43.9318 55.1543 57.2451 48.7647 37.4433 23.8537 21.0238 30.0167 46.9574 14.8661 12.0416 16.4012 19.8494 20.6155 24.0416 36.0694 30.4138 22.8254 33.8378 29.6985 24.5967 25.4951 20.3961 32.9848 11.3137 27.8568 13.4536 41.3038 22.1359 14.5602 18.1108 10.0499 11.1803 14.0357 12.083 17.72 16 19.6977
	CITY_3  17.2047 23.0217 24.2074 0 26 42.2019 16.2788 29.4279 34 14.8661 28.3196 39.4462 15.2315 42.2019 42.72 46.0652 9 12.0416 16.2788 41.1096 54.6443 39.4081 32.3883 19.7231 14.1421 19.4165 20.025 35.7351 32.2025 36.3593 29.0689 32.573 8.06226 16.7631 29.4279 34.3657 48.1041 49.2037 33.4216 17.4929 10.2956 29.4109 31.5753 26.4764 3 32.6497 30.1496 41.7253 36.1248 11.4018 17.4642 28.2843 36.3593 19.0263 24.2074 2 18.4391 19.7231 33.2415 38.4187 21.3776 16.4012 25.6125 9.48683 32.6497 31.257 22.8035 12.6491 32.9848 38.2753 41.1096 24.1868 13 14.7648 15.6525 23.7697 9.48683 31.1127 37.1214 41.1461 28.8444 17.0294 43.0116 41.7612 44.7772 48.3735 25.4951 26 48.4149 42.1545 30.0832 35 24.8395 31.3209 39.3573 12.53 13.6015 10.7703 31.9061 35.9026 20.3961 31.305 34 42.2019 16.1555 15.5242 5.09902 11.1803 37.1618 17.4929 20.025 30.6757 21.9317 35.5106 41 27.313 21.9317 5.09902 16.1555 31.241 34.6554 42.4382 52.4976 45.1221 50.6063 28.3019 14.8661 21.5407 43.1045 24.2074 12.2066 27.7849 32.7567 45.1221 46.5188 24.2074 25.02 43.0813 51.0882 27.5862 43.4166 33.1361 42.0476 32.573 16.5529 19.2354 17.0294 10.6301 27.4591 26.0768 30.8707 6.32456 21.2603 39.3954 47.4131 45.9674 34.7851 24.2074 21 11.7047 22.8473 13.3417 24.7386 32.5576 52.0096 39.598 60.959 35.5106 16.1245 19.4165 42.72 38.9487 36.2353 40.6079 44.0454 28.1603 32.0624 40.6079 36.1248 35.9026 35.171 6.32456 10.6301 17.2047 23.5372 31.9061 27.8927 8.60233 11.1803 24.1661 26.6833 23.0217 21.2132 18.6815 21.3776 18.0278 24.3311 24.0832 19.0263 27.1662
	CITY_4  10 26.4197 12.7279 26 0 18.0278 12.0416 15.8114 14.1421 30.6105 31.4006 31.6228 18.868 17 27.8029 20.2485 24.0208 15 41.6773 21.4009 29.6985 22.0227 29.0689 34.7131 38.833 40.3113 11.7047 10.0499 21.4709 11.4018 9.21954 43.3244 29.2062 19.9249 7.07107 18.0278 26.5707 25 31.0644 29.1548 21.2132 37.5899 36.6197 33.121 27.2947 7.07107 9.21954 20.6155 14.3178 33.1361 18.7883 14.5602 29.8329 26.5707 7.07107 26.8328 39.598 30.4138 7.28011 15.2315 6.7082 14.3178 41.2311 33.7343 21.0238 9.21954 21.6333 28.0713 38.833 25.9422 18.3848 22.2036 36.4006 40.7185 38.1182 37.5899 19.8494 32.0624 18.3848 15.2643 34.9285 13.0384 25.02 16.1245 32.7567 38.4708 18.3848 0 24.4131 49.4065 39.3573 34.6554 49.4065 25 25.7099 13.6015 20.2237 28.2843 7.61577 11.1803 14.5602 20.5913 14.1421 18.0278 30.4138 20.6155 29.1548 35.9026 26.9258 29.1548 39.0512 5 18.0278 39.0512 33.541 38.0789 40.3113 25.4951 39.0512 30 15 25 31.6228 20 25 5 11.1803 4.47214 20.2485 25.4951 22.0227 35.4401 18.7883 28.2843 34.9857 49.7393 29.1548 50 27.4591 11.1803 28.1603 31.1448 38.833 39.9625 39.1152 44.9222 42.5441 36.2353 51.0882 12.1655 23.3452 19.6977 8.94427 13.4164 21.6333 24.3516 26.4197 12.7279 26.4008 28.0179 34.7851 31.1448 38.4708 51.614 45.31 38.2099 37.2022 11.7047 14.4222 22.4722 35.1141 19.105 18.0278 22.0227 24.3311 8.06226 11.3137 23.3452 17.6918 11.1803 21.4709 32.311 31.0644 34.2345 31.7805 44.3847 24.0416 25.4951 19 34.9285 34 26.4197 29.1548 20.6155 22.8254 24.3516 24.4131 29.5296 26.5707 31.9061
	CITY_5  25 33.0606 19.9249 42.2019 18.0278 0 26.0768 30.4138 25 48.6004 48.3839 45 36.8917 16.5529 37.6563 8.06226 37.5766 32.5576 58.4123 28.8617 12.53 13.0384 29.8329 44.7214 53.2259 58.1378 29.5296 14 20.3961 6.7082 13.4164 60.9262 46.669 30.3645 20.6155 30 10.0499 7.07107 46.6905 47.1699 39.0512 43.1045 40.4475 39.0128 44.0454 11.1803 22.3607 7.07107 7.07107 46.6154 36.7151 29.6142 44.1022 35.5106 18.0278 43.4166 57.3847 48.3735 13.3417 4.12311 24.6982 26.8328 50.2494 48.3011 19.4165 21.2132 28.1603 40.1622 42.5793 38.0526 23.0868 39.2173 53.7587 56.8595 51.264 55.5698 37.5366 48.5077 28.1603 7.61577 52.2015 31.0644 13.4536 14.3178 43.566 49.6488 23.0868 18.0278 6.40312 51.923 45.0999 35.4401 66.6033 25.4951 18.868 29.8329 32.311 46.0977 10.6301 17.0294 32.2025 20.2237 25 0 41.2311 31.6228 46.0977 50.5371 40 47.1699 57.0088 15.8114 25.4951 41.2311 29.1548 45 50.9902 40.3113 56.5685 46.0977 10 14.1421 15 18.0278 10 14.1421 28.2843 22.0227 23.7697 42.72 40 52.9245 32.0624 36.4006 45.7056 66.4003 35 52.2015 9.43398 15.8114 18.3848 32.0156 36.2353 44.4072 52.2015 59.9416 59.203 52.8015 68.593 28.1603 38.4708 36.2353 21.095 9.21954 8.544 8.24621 24.3516 19.9249 34.2345 40.4969 43.1856 49.0408 56.4358 69.6348 57.4282 53.3385 19.2094 19.0263 32.45 40.2492 48.0416 8.94427 11.4018 11.4018 10.8167 22.8035 23.0868 32.5576 28.0713 17.0294 34 48.2597 44.3847 45.3542 39.0512 51.0392 27.074 43.1856 32.6497 52.7731 40.0125 33.0606 37.2156 29.8329 30.2655 33.7343 30.0167 36.0139 35.5106 37.054
	CITY_6  2.23607 16.2788 8.544 16.2788 12.0416 26.0768 0 23.3452 24.5967 25.9615 32.7567 38.0132 17.1172 29.0172 37.0135 30.6757 12.1655 10 32.5576 32.2025 38.5876 23.7065 22.1359 22.8035 27.5136 34 14.4222 22 18.1108 20.6155 12.8062 42.0476 21.9545 8.60233 18.0278 27.2029 31.8904 33.0151 34.9285 26.1725 16.2788 27.0185 26.9072 22.6716 18.4391 17.4642 19.6977 25.4951 19.8494 21.3776 18.4391 21.9317 35.5106 15.2643 8.06226 17.6918 33.121 28.0713 19.0263 22.2036 11.4018 2.82843 29.4109 22.4722 18.2483 20.2485 12.53 16.0312 29 33.9411 30.0832 24.6982 28.6007 30.8058 26.3059 34.5254 14.3178 34.4819 28.6531 25.9615 35.2278 13 27.2947 28.0179 41.0122 46.0977 12.0416 12.0416 32.2025 39.598 28.6007 26.8328 41.0366 19.2354 24.7386 5.09902 8.24621 22.4722 16.1555 23.1948 17 17.1172 24.5967 26.0768 18.4391 8.94427 20.6155 24.6982 34.0588 26.1725 33.6155 17.0294 9.48683 30 29.1548 26.9258 28.2843 14.3178 31.6228 33.2415 18.4391 26.8328 36.4006 32.0156 34.9285 12.6491 6.32456 8.544 32.0156 26.9258 18.1108 35.0571 26.9072 38.2753 43.1393 40.4599 19.105 40.3113 34.8281 11.4018 28.4605 23.7697 32.573 29.7321 27.2947 34.0147 33.3017 26.9072 43.4166 19.105 28.8444 10.8167 5 24.5153 31.9531 29.7321 22.0227 8.544 15.6205 16 23.2594 25.632 35.5106 46.6154 51.8652 42.1545 44.6878 23.5372 13.6015 22.3607 41.6173 22.8035 20.2485 24.6982 28.0179 17.8885 21.9317 33.2866 27.7849 23.1948 29.7321 22.2036 19.2354 22.2036 20.8087 33.121 16.7631 19.3132 7.07107 33.0606 23.4307 16.2788 18.0278 9.8995 12.8062 13.0384 15.2643 19.105 15.2643 21.9317
	CITY_7  21.2132 39.598 27.7849 29.4279 15.8114 30.4138 23.3452 0 7.07107 25.632 18.868 15.8114 15.0333 19.2094 13.8924 28.6356 32.2025 18.0278 41.4367 12.1655 39.3954 37.4833 44.1022 44.7772 43.566 35.8469 9.84886 16.7631 37.1618 24.0832 25 32.2025 28.1603 31.8904 10 5 40.1995 36.4006 16.2788 22.3607 20 50.3289 50.2096 46.0109 29.0689 20 8.06226 35 29.0689 39.8497 13.1529 1.41421 14.1421 38.4187 22.3607 29.1548 35.4683 22.4722 17.1172 29.0172 12.0416 26.1725 51.4781 38.833 36.7696 9.21954 35.4683 37.1214 52.3259 10.6301 14.4222 10.6301 34.7131 42.0476 44.643 29.2062 20.0998 18.3848 8.24621 24.3516 23.0217 12.6491 40.1995 20.2485 17.6918 23.0217 33.2866 15.8114 36.1386 62.9365 51.8556 49.4065 47.1275 40.3113 41.4849 21.095 30.8058 25.4951 22.0907 14.3178 9.05539 36.2491 7.07107 30.4138 40.3113 32.0156 30 40.6079 11.1803 22.3607 33.541 15 32.0156 53.1507 49.2443 50 49.2443 31.6228 36.4006 15.8114 30.4138 40.3113 45.2769 21.2132 33.541 20.6155 18.0278 15.8114 16.1245 14.1421 19.105 24.2074 3.60555 15.8114 19.8494 49.0306 42.4264 63.6396 39.2938 26.9258 43.7379 46.0435 54.2033 53.0754 45.607 48.0416 42.4264 37.054 47.5395 4.24264 8.06226 24.0416 23.0217 22.1359 29.9666 38.1182 42.0476 27.7849 38.9487 36.6742 46.0435 27.2029 29.8329 44.2041 29.5466 23.0217 48.1041 12.53 13.3417 14.3178 19.3132 34.1321 33.541 37.2156 39.0128 8.06226 7.61577 11.1803 7.28011 14.3178 6.40312 35.1283 38.2753 43.382 44.0454 56.0357 38.833 24.0832 28.3019 25.4951 46.7547 39.598 41.2311 33.2415 36.0694 36.2353 38.2884 42.45 38.4187 45.2548
	CITY_8  22.3607 40.2244 26.8701 34 14.1421 25 24.5967 7.07107 0 32.2025 25.807 20 20.8806 12.2066 13.8924 22.1359 35.171 22.0227 47.2969 7.61577 32.8938 33.8378 43.1856 47.1699 48.0416 42.4853 14.0357 11 35.2278 19.2354 22.4722 39.2046 33.9559 33.121 7.07107 5 35.0143 30.4138 22.4722 29.1548 25.4951 51.3128 50.6063 46.8722 34.1321 15.8114 5 30.4138 25 43.566 19.3132 7.2111 19.2354 39.8246 21.2132 34.0588 42.0476 29.4109 12.3693 24.3311 13.6015 27.2947 53.8516 43.1045 34.6699 5 35.609 39.8497 52.8015 13.1529 7.61577 17.6918 40.8044 47.5184 48.5077 36.2353 25.1794 25.0599 4.24264 18.2483 30 17.0294 36.1386 13.4164 19.3132 25.2982 32.5269 14.1421 30.2655 63.4114 53 48.7955 53.4883 39.0512 38.4838 23.7697 32.6956 31.6228 18.3848 8.06226 14.5602 34.4093 0 25 42.72 33.541 35.3553 45.0444 15 29.1548 40.3113 11.1803 32.0156 53.1507 47.1699 51.4781 52.2015 35.3553 42.72 22.3607 26.9258 36.4006 40 14.1421 26.9258 18.0278 20.6155 16.1245 9.48683 21.2132 25 31.241 7.28011 14.1421 21.5407 55.0818 43.0116 64.0312 33.3766 25 40.1622 45.2769 52.8015 53.8238 49.4975 53.0848 48.2701 42.5793 54.1295 8.24621 14.3178 28.0713 22.8035 16.1245 23.4094 33.0606 40.2244 26.8701 39.9625 39.5601 47.8539 33.6155 36.8782 51.225 32.7567 28.6356 41.7612 6.08276 18.1108 21.095 23.0868 30.0832 30.0832 33.2415 34.5254 6.7082 2.82843 9.21954 3.60555 8.06226 9 40.05 41.7732 46.1736 45.2769 57.7062 38.1838 29.8329 30.6757 32.5576 47.7074 40.2244 42.5441 34.1321 36.6197 37.5899 38.4187 43.2666 39.8246 45.8039
	CITY_9  25.632 37.2156 34.4819 14.8661 30.6105 48.6004 25.9615 25.632 32.2025 0 15.6525 29.6142 12.0416 43.2666 36.0555 50.2096 23.5372 16.5529 17.2627 37.6431 60.208 49.3964 46 34.4384 24.8395 10.2956 19.8494 38.2884 43.9318 42.0119 37.1214 17.72 7.2111 30 30.6105 30.3645 56.4358 55.6058 22.1359 4.12311 9.84886 44.2719 46.3249 41.2311 12.083 37.6431 30.2324 50.1199 43.909 25.2389 13.0384 25.0799 26.4764 33.541 32.2025 13 9.84886 5.83095 36.7696 45.4863 24.0832 27.4591 39.9625 22.0227 44.1475 31.6228 36.0139 27.5136 47.8017 31.0161 39.8121 16.1245 10.198 19.3132 28.3196 9.05539 11.7047 18.7883 33.8378 45.2548 14.8661 17.6918 52.9245 43.6005 36.2215 38.3275 37.4833 30.6105 55 57.0088 44.9444 49.2544 21.587 44.1814 50.6952 20.8806 27.0185 4.12311 38.0132 37.2022 18.0278 42.9535 32.2025 48.6004 31.0161 29.0172 10.8167 22.6274 29.0172 4.12311 8.48528 33.9411 34.2345 50.2195 54.1479 42.1545 35.805 19.9249 11.0454 19.9249 43.382 52.5547 61.2944 45.793 55.1543 34.6699 21.0238 26.6271 41.6293 14.0357 8.60233 13.4536 27.8927 39.2046 37.4833 24.0208 39.4588 57.9396 58.0086 36.7696 54.4059 47.0425 56.0803 47.4342 29 26.4008 18.2483 14.7648 21.9317 24.1868 23.0217 16.0312 30.0832 43.1393 51.6236 54.2033 47.3814 34.4819 35.3553 26.5707 37.6962 2.23607 10.0499 21.095 40.2492 26.9258 67.8012 36.0555 16.2788 11.4018 32.28 47.8539 45.6946 50.1597 53.2259 28.6007 31.3847 35.6931 32.8938 37.2022 29.4279 16.2788 25.0599 31.7648 38.3275 46.5296 41.0488 7 24 9.43398 41.4849 37.2156 35.9026 32 35.0143 32.249 38.0132 38.6394 33.541 41.7732
	CITY_10  31.4006 47.5395 40.1995 28.3196 31.4006 48.3839 32.7567 18.868 25.807 15.6525 0 15.0333 15.8114 38.0132 23.7697 47.4131 35.5106 23.0868 32.573 28.4253 58.1378 53.1507 54.8179 47.8017 40.2244 23.0868 20.025 35.3412 50.2494 41.7612 40.1123 13.4536 22.2036 39.5601 27.8568 21.9317 57.7235 54.7814 7 11.6619 18.868 56.4358 57.6975 52.7731 26.1725 37.3631 26.4008 51.9711 45.7056 39.598 14.3178 19.2354 12.1655 44.7214 36 26.8701 23.1948 9.84886 35.1141 46.3249 25.0799 35.171 53.9073 36.8782 50.1597 27.7308 44.9222 40.2244 59.4811 18.7883 32.5576 9.21954 25.632 34.9285 43.2782 13.1529 20.5913 3.16228 25.4558 42.9535 4.24264 20.0998 56.3205 39.1152 22.2036 23.1948 44.7214 31.4006 54.4243 69.4622 57.4543 59.1354 35.0571 51.9711 56.0089 28.1603 37.1618 18.6011 38.833 33.121 17.0294 49.2544 25.807 48.3839 43.8292 39 25.6125 37.8021 16.1555 11.6619 20.025 32.573 42.2019 61.327 61.8142 54.9181 50.2096 32.8024 25.7099 5.09902 46.2709 56.2228 62.8172 39.8246 52.3546 36.3456 26.4764 29.0172 33.9411 6 16.6433 5.83095 19.105 27.313 23.0217 38.4708 50.1597 70.3278 57.5847 41 59.0339 56.3205 65.2533 59.5399 44.0454 42.0476 33.5261 30.4138 34.0588 20.2485 12.0416 26.4197 35.1283 40.7185 48.7647 55.5428 54.5894 40.1995 46.0977 39.4081 50.4777 17.8885 13.3417 27.313 24.5967 11.4018 66.7083 31.3847 19.2354 10.4403 17.1172 50.4876 49.163 53.3385 55.7315 25.632 26.4197 25.2389 24.7588 33.121 19.2094 31.4006 38.9487 45.4533 50.1199 60 49.4773 19.799 34.0147 9.05539 53.2353 47.5395 47.4131 41.4367 44.5982 42.9535 47.4342 49.6588 44.7214 52.8015
	CITY_11  36.0555 54.2033 43.382 39.4462 31.6228 45 38.0132 15.8114 20 29.6142 15.0333 0 24.4131 30.8058 10.6301 41.5933 44.6878 30.4138 46.8722 18.3848 52.1728 53.1507 59.5399 57.4891 52.8015 38.0132 23.6008 31 52.9245 39.1152 40.8044 26.4008 35.1141 46.2277 25.4951 15 55.0091 50.2494 8.06226 25.4951 29.1548 64.4438 64.8151 60.3075 38.0132 35.3553 23.3452 50.2494 44.5533 50.774 22.2036 17.088 3.16228 52.4023 38.0789 38.4708 38.0526 24.1868 32.1403 44.1814 27.2947 40.8044 64.0312 48.7647 52.5547 24.1868 50.4777 49.679 66.8431 7.28011 24.0416 15.2643 39.8121 48.7647 55.0727 28.1603 30.2324 12.1655 17.2627 38.1182 18.4391 25.4951 55.7315 32.5576 7.28011 8.94427 48.7647 31.6228 50.1597 77.3369 65.7951 64.6607 50.01 55.9017 57.28 34.7131 44.5982 31.6228 37.6563 28.0179 21.2603 52 20 45 53.1507 46.0977 38.0789 50.0899 5 25.4951 35 30.4138 47.1699 68.0074 65 63.6396 61.0328 43.0116 40.3113 10 46.0977 55.9017 60 31.6228 46.0977 36.4006 32.0156 31.305 24.6982 15.8114 27.2947 20.3961 13.1529 14.1421 8 53.2353 57.0088 78.1025 53.2353 42.72 59.439 61.4003 69.7711 67.3573 55.9464 55.6597 47.8539 43.9659 49.0918 19.6977 9.21954 35.609 38.4708 36.0555 42.7551 53.0377 57.7754 43.382 53.2635 49.0408 59.4138 31.7805 28.2843 41.7612 13.8924 10 61.1882 26.0192 25.4558 20.1246 3.60555 49.6488 49.2443 52.7731 54.3323 23.7697 22.0907 14.3178 17.1172 28.0179 11 43.8634 49.6488 55.6058 58.0517 69.3542 54.2033 31.7805 41.7253 24.0832 60.959 54.2033 55.2268 47.8017 50.8035 50.3289 53.2541 56.8507 52.4023 59.8164
	CITY_12  16 31.7805 25.02 15.2315 18.868 36.8917 17.1172 15.0333 20.8806 12.0416 15.8114 24.4131 0 31.3847 27.6586 38.1838 20.5183 7.28011 26.4764 27.1662 48.2701 39.0512 39.0512 33.2415 29.1204 22.2036 7.81025 26.2488 35 30.2324 26.2488 25.318 13.1529 23.7697 18.6011 20.025 45.1885 43.8292 19.2094 10.2956 5.09902 41.0488 42.0595 37.2156 14.3178 25.807 18.3576 39 32.6956 26.4197 2.23607 14.1421 21.4009 29.1548 21.587 14.5602 21.6333 11.7047 24.7588 34 12.2066 19.4165 39.6989 24.6982 35.0143 19.7231 29.1204 25.4558 43.909 23.0868 28.4605 9.21954 19.9249 27.0185 30.8707 18.7883 5.83095 17.8885 23.1948 33.2415 18.1108 5.83095 42.45 31.6228 29.5466 33.2866 29.1548 18.868 43.2666 54.0833 42.2019 43.3244 32.6956 36.3456 41.1947 12.3693 21.4709 10.7703 26.4197 25.2389 6.32456 34 20.8806 36.8917 29 23.2594 15.0333 26.2488 21.9317 10.2956 20.5183 21.9317 26.4764 45.618 46.2709 39.8246 36.6197 18.6011 21.9317 17.2047 32.573 42.2019 50.1597 34 43.1393 23.2594 11 15.2315 30.3645 10.2956 4.12311 18 18.0278 30.2655 31.305 34.2053 34.4384 54.9181 46.3249 26.4764 44.5533 40.5216 49.4773 44.1022 31.7805 33.1361 27.4591 22.0227 33.6155 12.6491 15.6525 11.3137 20.0998 31.1127 39.598 42.9535 39.1152 25.02 30.4138 24.7588 35.4683 13.0384 19.6977 32.8024 37.4833 26.0768 56.0357 24.1868 4.47214 5.38516 27.8029 37 35.171 39.5601 42.3792 16.6433 19.6977 26.0192 22.2036 25.2389 20.2237 20.3961 25.2389 31.241 34.6699 45.2769 33.7343 9.05539 18.3576 16.4924 37.7359 31.7805 31.9061 25.632 28.7924 27.2947 31.6228 34 29.1548 37.1214
	CITY_13  27 42.0595 27.5136 42.2019 17 16.5529 29.0172 19.2094 12.2066 43.2666 38.0132 30.8058 31.3847 0 22 11 41.0122 30.3645 57.0088 13 21.3776 28.4253 42.19 51.4781 55.5788 53.535 23.7065 7.07107 33.0151 13.4536 21.0238 51.4004 43.8634 36.4966 13 16.5529 26.2488 20.0998 34.4384 40.6079 35.3412 53.1413 51.4781 48.7032 43.0116 13 13.0384 23.3238 19.799 50.0899 30.2324 19.105 30.6757 42.9535 22.561 42.72 53 41.1096 10.198 17.8045 20.8806 31.1448 57.8705 50.4876 32.2025 11.6619 37 45.0444 53.7122 23.5372 7 29.7321 50.9902 56.6127 55.0818 48.1041 34.5398 37.2156 13.6015 8.94427 42.2019 26.4008 29.6816 2.23607 28 34.0147 32.6956 17 20.2237 63.9531 55.0273 48.0208 63.9531 37.7359 33.9706 30.2655 37.1214 42.0595 15.6525 6.32456 25.2389 32.45 12.2066 16.5529 47.2652 37.3363 44.5982 52.6118 25.9615 40.6079 51.614 12 33.5261 53.2353 43.8634 54.1202 57.2189 42.2966 53.2353 34.4819 22.6716 30.2324 30.8058 3 15.2971 17.72 27.4591 21.095 7.28011 33.3017 35.3553 43.4166 19.2354 20.2237 30.0167 65 44.5982 64.4127 23.0868 24.1661 34.4093 44.4185 50.448 55.1543 56.0803 61.3922 57.9396 51.8652 65 19.2094 26.4197 35.9026 25.318 7.81025 12.0416 24.6982 37.8021 27.5136 42.45 45.0111 51.1957 44.4185 48.7955 63.0317 42 40.1622 30.4138 7.2111 27.7308 32.6497 33.3766 24.2074 25.4558 27.2029 27.2947 14.7648 12.0416 17.0294 13.9284 6.32456 20.2485 48.5077 48.0416 51.1566 47.8017 60.4401 38.0132 39.8121 36 44.5533 49.6488 42.0595 45.3542 36.8782 38.6005 40.7922 39.5601 45.2217 42.9535 47.1699
	CITY_14  34.8281 53.1507 40.4599 42.72 27.8029 37.6563 37.0135 13.8924 13.8924 36.0555 23.7697 10.6301 27.6586 22 0 33 46.0652 31.7805 53.0094 9 43.1856 47.5395 56.8507 58.6686 56.7539 45.5412 23.7065 24.0416 49.0918 32.573 36.3593 36.3593 40.1995 45.607 20.8087 9.8995 47.676 42.0476 17.4929 32.1403 32.7567 64.0312 63.7024 59.6657 41.9762 29.5466 18.6011 43.6807 38.6264 53.4883 25.4951 15.2643 12.2066 52.2015 34.8281 42.2019 45.3982 31.4006 26 37.6431 25.6125 39.8246 65.3682 52.2015 48.5489 18.868 48.7955 51 65.8559 5.09902 15 20 46 54.231 58.1893 36.6879 33.2415 21.4709 9.84886 30.2655 27.7308 26.4008 49.6488 24.0208 6 12.0416 46.0977 27.8029 42.107 76.4853 65.6049 62.3699 57.4282 52.8015 52.3259 34.9857 44.6542 37.054 32.2025 20.8806 22.4722 48.2597 13.8924 37.6563 54.2033 45.8039 42.5793 53.8516 7.61577 32.1403 42.7551 25.0599 45.2548 66.468 61.0574 63.8201 63.0714 45.31 47.0956 18.7883 40.7185 49.98 52.469 22.2036 37.1214 31.9061 31.9061 29 15.1327 22.2036 31.4006 29.5466 10.2956 3.60555 8.06226 60.075 55.9732 77.1557 45.0444 38.833 53.8516 58.8982 66.6108 66.7083 59.1354 60.6712 54.0093 49.2544 57.0701 18.0278 13.0384 37.6962 36.0694 28.4429 34.0147 45.8912 54.0833 40.4599 52.6308 50.5371 59.9083 38.0132 37 51.0784 20 20.6155 52.2398 18.9737 26.9258 25.02 12.083 43.6578 43.8634 46.8188 47.8017 19.8494 16.6433 5.09902 10.2956 20.8806 7.61577 48.0521 52 57.2451 57.8014 69.8928 51.7397 36.3456 42.19 32.573 60.4401 53.1507 55 46.8615 49.5782 50 51.6236 56.0803 52.2015 58.7963
	CITY_15  29.1548 40.05 26.0768 46.0652 20.2485 8.06226 30.6757 28.6356 22.1359 50.2096 47.4131 41.5933 38.1838 11 33 0 42.72 35.2278 61.9112 24 10.7703 21.095 37.6431 51.1566 58.1893 60.208 30.4138 12.2066 28.1603 10.198 19.105 60.5392 49.4065 36.3456 20 26.9258 16.1245 9.21954 44.5982 48.1664 41.2311 50.4876 48.0521 46.2709 47.5079 13.4164 21.095 15 14.3178 51.923 37.5366 28.178 41.2311 42.0476 22.8035 47.0106 59.5483 49.0408 13.4536 11.4018 26.2488 32.0156 57.0088 53.1413 27.2029 19.7231 35.0143 45.8912 50.2195 34.3657 18 38.5876 56.6127 60.8276 56.7539 56.2228 40 47.0106 24.3311 5 51.4781 32.5576 21.2603 9.05539 39 45.0111 30.0666 20.2485 9.48683 59.7746 52.469 43.3244 69.6348 33.2415 26.9258 33.541 37.855 48.2701 14.5602 14.3178 32.6497 27.8927 22.1359 8.06226 47.3814 37.4833 49.3964 55.3624 36.6742 48.1664 58.6941 16.2788 32.0156 49.0408 37.2156 52.1536 57.3149 44.9444 59.203 44.3847 17.4642 22.0227 20.2485 11.4018 5 18.0278 31.3847 24.6982 18.1108 42.19 41.7732 52.4786 29.4109 31.1448 41.0122 69.9714 42.19 60.0833 12.1655 22.0227 26.2488 39.8497 44.2945 51.9711 57.7235 64.622 62.7694 56.4358 71.218 27.4591 36.4006 39.8246 25.9615 7.07107 1.41421 15 32.311 26.0768 41 46.0977 50 50.9902 57.0088 70.8378 53 50.6952 19.6469 16.1555 33.9706 40.6079 44.2832 17 19.3132 19.4165 18.3848 22.2036 21.0238 28.0179 24.5153 14.3178 30.8058 52.3259 49.7293 51.4781 46.0435 58.3095 34.5254 45.607 37.6431 53.0094 47.2652 40.05 44 36.1248 37 40.1123 37.1214 43.1045 42.0476 44.4072
	CITY_16  14.0357 14.0357 18.0278 9 24.0208 37.5766 12.1655 32.2025 35.171 23.5372 35.5106 44.6878 20.5183 41.0122 46.0652 42.72 0 14.4222 23.3238 42.72 50.0899 32.5269 23.5372 12.8062 15.6525 28.2843 22.3607 34.0588 24.4131 32.573 24.1661 41.2311 17.0294 8.60233 29.2746 36.7696 42.0119 44.2945 39.6989 25.632 16.6433 21.0238 22.8035 17.72 12 29.6142 30.5941 35.805 30.8869 9.21954 22.6274 30.8707 41.7732 10.0499 19.9249 11 27.2947 27.8568 31.1448 33.541 21.587 10.7703 19.4165 10.8167 25 31.4006 14.3178 5 24.3516 42.19 41.4367 29.6985 21.587 20.6155 14.1421 32.5576 15 38.0132 38.8973 38.0789 36.6742 19.7231 36.0694 40.1123 49.0918 53.4135 17.8045 24.0208 43.4166 34 21.9545 26 32.249 22.8473 31.6228 11.4018 5.65685 19.4165 28.1603 35.0143 23.8537 23.6008 35.171 37.5766 8.48528 7.2111 14.0357 13.0384 41.6173 25.632 29.0172 29.0172 14.2127 26.6833 32.28 19.4165 17.088 4.12311 24.7386 37.6431 28.8444 35.3836 46.0109 44.0114 46.8188 24.7386 14.5602 20.025 43.4166 30.6105 18.868 35.8469 35.7771 47.927 51.0392 30.6105 16.0312 34.8855 45.793 21.9545 35.805 24.1868 33.0606 24.1661 15.1327 22.4722 23.8537 17.8885 35.3412 28.2312 35.609 9.21954 16.7631 36.6742 43.9659 40 26.4008 18.0278 12 4.47214 15 22.2036 33.541 41.4367 57.9828 46.4004 55.4707 35.1283 19.4165 25.6125 48.1664 32.8024 29.8329 33.9706 37.5366 28.6356 32.7567 43.0813 37.9473 35.0143 38.4708 12.53 7.07107 11.1803 14.8661 24.7588 19.3132 16.7631 5.09902 32.573 18.0278 14.0357 12.3693 10.2956 12.6491 9.05539 15.5242 15.1327 10.0499 18.2483
	CITY_17  9.21954 24.5967 18.2483 12.0416 15 32.5576 10 18.0278 22.0227 16.5529 23.0868 30.4138 7.28011 30.3645 31.7805 35.2278 14.4222 0 26.8328 29.2746 44.5982 32.8938 31.7805 27.2029 26.0192 25.6125 8.24621 24.1661 28.0713 26.1725 20.5913 32.0624 14.2127 16.5529 17.4642 22.8035 39.9625 39.6232 26.0768 16.2788 6.7082 34.2053 34.9857 30.2324 12.6491 22.0227 18.1108 33.6155 27.4591 21.8403 8.94427 16.7631 27.5862 22.2036 15.6525 12.3693 24.8395 18.1108 21.9545 29.2062 9.48683 12.1655 33.8378 21.095 28.1603 19.2354 21.8403 19.4165 36.8917 27.7849 29.0689 15.8114 21.4009 26.2488 26.6833 24.7386 5 25.0799 25.318 30.2324 25.318 5.38516 36.4006 30.0832 34.6699 39.0512 22.0227 15 38.9487 47.2017 35.4683 36.0555 34.4093 29.1548 34.5254 5.09902 14.4222 13.6015 21.9317 24.0416 9.43398 27.074 22.0227 32.5576 22.8035 16.1245 14.3178 23.0217 27.2029 16.2788 24.6982 19.2354 19.2354 38.4708 39.1152 33.2415 31.305 13.6015 24.0832 24.1868 26.8328 36.0555 44.7772 33.2415 40 18.4391 4.47214 10.6301 31.0644 17.4642 8.24621 25.0799 21.5407 33.8378 36.6197 34.8855 27.2947 48.0104 41.8688 20.2485 38.0789 33.2415 42.2019 37.2022 27.6586 31.257 27.7308 21.5407 36.1248 14.3178 21.2603 6.08276 13.6015 28.3019 36.6197 37.7359 32.0156 18.2483 23.3238 18.868 29 16.6433 25.7099 37.5899 43.9318 33.121 51.7397 23.5372 5 12.6491 33.9411 31.305 29.1548 33.6155 36.6742 16.1245 20.025 29.1204 24.3311 24.0416 24.1661 18.2483 20.2485 25.5539 27.8029 38.9487 26.4764 10.6301 11.4018 23.0868 30.8058 24.5967 25 18.3848 21.5407 20.2485 24.3516 26.9258 22.2036 30.0167
	CITY_18  33.4216 36.4006 40.3609 16.2788 41.6773 58.4123 32.5576 41.4367 47.2969 17.2627 32.573 46.8722 26.4764 57.0088 53.0094 61.9112 23.3238 26.8328 0 53.6004 70.8025 55.4437 46.2385 28.0713 13.1529 11.3137 33.5261 50.9902 47.7074 52.4309 45.3431 29.7321 13.3417 31.9061 44.0114 46.3897 64.3506 65.437 39.2938 21.3776 21.8403 39.1152 42.4264 37.6563 14.4222 48.5489 44.2719 57.9828 52.4023 18.2483 28.2843 40.6079 43.7379 31.9531 40.4599 15 10.6301 22.8035 48.7647 54.6717 36.2491 32.5576 31.257 14.3178 48.2597 45.5412 37.5899 24.3516 43.1856 48.0416 54.8179 33.0151 7.07107 4.12311 18.1108 21.6333 22.4722 35.7351 49.6488 56.9386 30.8707 30.6757 59.0339 56.8595 53.4603 55.5428 41.0488 41.6773 64.6607 50.1597 39.0128 47.5395 8.94427 46.0652 54.9181 28.6007 28.8444 16.0312 48.0104 50.6952 32.7567 46.8722 47.2969 58.4123 26.6833 30.5287 12.53 13.0384 46.1736 21.3776 14.2127 46.0652 37.4433 46.3897 55.1543 36.0139 26.3059 19.4165 7.2111 37.108 50.9117 58.4123 68.6804 59.808 66.5733 44.4072 30.5287 37.2156 56.7539 31.257 22.3607 29.0689 44.1814 56.0089 54.7449 8.06226 37.6431 51.1566 67.3573 43.8406 59.0762 46.4866 54.8179 42.0476 18.2483 10.6301 1 5.65685 12.3693 39.0512 40.05 22.2036 37.5366 55.0727 63.2851 62.2254 49.6488 40.3609 34.176 23.4094 32.1403 15.1327 22.2036 21.8403 57.0088 43.4626 77.2334 49.98 29.4109 28 49.4773 55.1725 52.4023 56.7274 60.208 42.3792 45.8803 52.1536 48.6621 50.6952 46.0435 10.8167 19.6469 25.0799 34.7131 38.3275 42.4853 17.4642 27.0185 24.5967 37.4833 36.4006 33.2415 33.6155 35.7771 31.7805 38.4838 36.4006 31.9531 39.0512
	CITY_19  29.9666 47.7074 34.0588 41.1096 21.4009 28.8617 32.2025 12.1655 7.61577 37.6431 28.4253 18.3848 27.1662 13 9 24 42.72 29.2746 53.6004 0 34.2345 39.3573 50.2096 54.7814 55.2268 47.7598 21.095 15.6525 41.8688 24.1661 29.0689 41.7732 40.3113 40.7063 14.4222 7.28011 38.833 33.0606 23.4307 34.176 32.0624 58.8303 58.0086 54.3783 41 21.6333 12.53 35.1141 30.4138 50.9902 25.318 13.0384 18.868 47.4131 28.4253 41.0122 47.4342 34.0147 18.0278 29.1548 21.1896 34.8855 61.4654 50.3587 41.2311 12.2066 43.0116 47.4342 60.2163 11.1803 6 21.9317 46.8722 54.1479 55.9017 40.3113 32 26.8701 4 21.3776 32.6497 24.0832 41.2311 15.0333 15 21.0238 39.6989 21.4009 33.1361 70.8025 60.5392 55.9017 59.203 45.9674 44.4185 31.3209 40.3113 37.6563 24.4131 12.53 21.0238 41.1096 7.61577 28.8617 50.3289 41.1461 42.0476 52.2398 13.8924 34.176 45.31 17.6918 39.4081 60.4401 53.6004 59.0593 59.7746 42.7551 48.5077 24.0416 32.7567 41.6293 43.566 13.3417 28.1603 24.7588 28.1603 23.7065 6.32456 25.0599 31.257 34.2053 9.84886 7.61577 17.0294 61.1882 50.4777 71.4003 36.0555 31.8277 45.618 52.345 59.5483 61.2944 56.8858 60 54.5894 49.163 59.4643 15.0333 16.4012 35.3553 30.2324 19.6469 25.02 37.108 46.8615 34.0588 47.5079 47.1275 55.4617 39.2938 40.8167 55.2268 29 28.178 43.2897 10.8167 25.02 26.2488 20.6155 35.3412 35.8469 38.4838 39.2173 14.3178 10.2956 4.12311 5 12.53 9.21954 47.0106 49.2443 53.7587 52.8394 65.2993 45.3431 36.2215 38.2753 36.3593 55.2268 47.7074 50.1199 41.6773 44.1022 45.1774 45.8039 50.774 47.4131 53.2541
	CITY_20  37.4433 44.7214 32.311 54.6443 29.6985 12.53 38.5876 39.3954 32.8938 60.208 58.1378 52.1728 48.2701 21.3776 43.1856 10.7703 50.0899 44.5982 70.8025 34.2345 0 22.0227 40.0125 56.7539 65.7419 70.0071 40.6079 22.8254 31.0644 18.4391 25.9422 71.1969 58.7963 42.72 30.5287 37.6431 12.6491 6.08276 55.3624 58.4123 50.9117 54.0833 51 50.2494 56.4004 22.6274 31.7648 16.0312 19.3132 59.0931 47.8017 38.9102 51.923 47.5395 30.5287 55.8032 69.2965 59.4054 23.6008 16.5529 36.1248 39.3573 61.9839 60.8276 30.0666 30.4138 40.025 52.5547 53.0094 44.911 28.2843 49.2443 65.9469 69.3397 63.6946 66.6108 49.5177 57.7754 34.9285 15.2643 62.1772 42.5206 20.3961 19.6469 49.163 55.0818 34.9285 29.6985 7.07107 61.5224 56.0803 45.1774 78.8733 36.0139 27.2947 42.2019 44.7772 57.9828 22.8035 25.0799 43.0116 31.1448 32.8938 12.53 53.4509 44.0114 58.4123 63.0635 47.2969 58.4123 68.6804 26.4008 37.6431 51.1566 37.108 56.3205 63.0635 52.8394 68.6804 55.1543 21.8403 21.3776 14.2127 21.0238 6.08276 26.4008 40.4599 33.9706 28.0713 52.8394 51.6624 63.1348 40.1622 41.0122 51.0882 78.8162 46.3897 61.6604 6.32456 28.2312 25 42.0476 44.3847 55 64.622 72.4707 71.6101 65.215 80.7217 38.0789 47.1699 48.6004 33.6155 17.4929 9.48683 13.1529 34.0588 32.311 46.0977 52.9245 54.9181 60.8276 67.424 81.0555 63.1269 61.4003 9.05539 26.9258 43.9318 51.0392 54.7449 19.105 22.2036 20.025 17.2627 32.7567 31.7805 38.3275 35.171 25.0799 41.4849 60.7454 56.8595 57.5674 50.636 62.1289 38.2099 55.1725 45.1774 63.5138 51.2445 44.7214 49.0306 42.0595 42.2019 45.8803 41.5933 47.5184 47.5395 48.1664
	CITY_21  23.7697 23.7697 15.2643 39.4081 22.0227 13.0384 23.7065 37.4833 33.8378 49.3964 53.1507 53.1507 39.0512 28.4253 47.5395 21.095 32.5269 32.8938 55.4437 39.3573 22.0227 0 18 36.2491 47.634 57.7062 33.1361 23.7065 9.48683 15.2643 13.0384 64.3273 45.6508 24.0832 27.6586 38.6005 10.4403 16.1245 53.0848 49.0408 39.5601 32.249 29.0172 28.6356 41.8808 18.0278 29.8329 6.32456 8.94427 40.6079 39.6232 36.3456 51.6236 27.2947 17.4642 41.0488 56.8243 50.6952 21.5407 10.6301 28.0713 23.0217 40.8044 43.1856 8.544 29.1204 19.7231 33.6006 31 46.8402 34.1321 44.0454 52.1536 53.0754 44.6542 57.5674 37.6962 54.0093 37.6962 19.799 56.4358 33.541 3.60555 26.2488 53.1413 59.1354 15 22.0227 15.1327 39.6232 34.2345 23.1948 64.2028 14.1421 5.83095 28.6356 26.8701 46.0977 15.5242 26.8328 36.1248 9.84886 33.8378 13.0384 33.6155 25.4951 44.1022 45.3431 48.2701 49.0408 57.2713 22.8035 18.4391 29.1548 16.1245 34.7131 42.5441 36.1248 55.2268 52.0096 7.07107 3.16228 13.6015 30.4138 22.1359 17.0294 28.4605 24.1868 35.2278 47.1699 41.1096 56.7186 40.025 46.9574 55.3624 63.0317 25 39.8121 16.0312 12.6491 6.32456 20.025 23.2594 33.0151 45.4863 54.6717 56.0803 49.8197 66.8506 34.1321 45.2769 34.4819 19.3132 20.6155 21.4709 9.05539 12.0416 15.2643 25.4951 34.2053 33.8378 49.2443 58.5235 70.2638 66.4831 60.208 24.3516 28.6356 34.7131 43.566 56.5155 4.24264 4 2 5.38516 29.4279 31.3209 42.5441 37.3363 26.8328 42.45 44.6878 38.4187 37.5899 29.4109 40.3113 16.7631 42.9535 28.4253 55.5428 29.6142 23.7697 28.2312 22.8035 21.9545 26.0768 20.6155 26.2488 27.2947 26.4764
