data;
param n := 101
param Dmax := 1040
param Cmax := 200
param : V :  c :=
0 0
1 10
2 30
3 10
4 10
5 10
6 20
7 20
8 20
9 10
10 10
11 10
12 20
13 30
14 10
15 40
16 40
17 20
18 20
19 10
20 10
21 20
22 20
23 10
24 10
25 40
26 10
27 10
28 20
29 10
30 10
31 20
32 30
33 40
34 20
35 10
36 10
37 20
38 30
39 20
40 10
41 10
42 20
43 10
44 10
45 10
46 30
47 10
48 10
49 10
50 10
51 10
52 10
53 20
54 40
55 10
56 30
57 40
58 30
59 10
60 20
61 10
62 20
63 50
64 10
65 10
66 10
67 10
68 10
69 10
70 30
71 20
72 10
73 10
74 50
75 20
76 10
77 10
78 20
79 10
80 10
81 30
82 20
83 10
84 20
85 30
86 10
87 20
88 30
89 10
90 10
91 10
92 20
93 40
94 10
95 30
96 10
97 30
98 20
99 10
100 20
param : E : d :=
0 0 0
0 1 18.6815
0 2 20.6155
0 3 16.1245
0 4 18.1108
0 5 15.1327
0 6 19
0 7 16
0 8 18.1108
0 9 20.0998
0 10 16.7631
0 11 19.6469
0 12 38.0789
0 13 30.8058
0 14 39.3573
0 15 36.0555
0 16 40.3113
0 17 33.3017
0 18 35.3553
0 19 39.0512
0 20 10
0 21 10.198
0 22 12.1655
0 23 13
0 24 15
0 25 15.1327
0 26 15.8114
0 27 17.1172
0 28 17.72
0 29 20
0 30 20.6155
0 31 33.541
0 32 31.6228
0 33 33.5261
0 34 32.3883
0 35 38.0789
0 36 35.3553
0 37 39.2938
0 38 41.2311
0 39 40.3113
0 40 20.6155
0 41 18.6815
0 42 19.3132
0 43 16.5529
0 44 21.5407
0 45 22.3607
0 46 20.5913
0 47 18.0278
0 48 23.3238
0 49 19.2094
0 50 22.8035
0 51 25
0 52 21.2132
0 53 45.1774
0 54 40.05
0 55 35.0571
0 56 45
0 57 35
0 58 45.0444
0 59 35.0571
0 60 45.2769
0 61 22.3607
0 62 18.0278
0 63 14.1421
0 64 21.5407
0 65 12.8062
0 66 16.5529
0 67 12.2066
0 68 20.6155
0 69 15.8114
0 70 58.5235
0 71 57.0088
0 72 23.8537
0 73 55.7136
0 74 19.8494
0 75 15.8114
0 76 52.2015
0 77 52
0 78 50.2892
0 79 51.0784
0 80 51.4781
0 81 47.4342
0 82 35.3553
0 83 32.3883
0 84 31.0483
0 85 29.7321
0 86 26.4764
0 87 25.4951
0 88 26.9258
0 89 24.3516
0 90 20.6155
0 91 22.3607
0 92 44.2041
0 93 43.0116
0 94 40.6079
0 95 37.2022
0 96 36.0555
0 97 40.3113
0 98 30.8058
0 99 33.541
0 100 38.0789
1 0 18.6815
1 1 0
1 2 2
1 3 3.60555
1 4 3
1 5 4.24264
1 6 5.09902
1 7 5.38516
1 8 7
1 9 7.28011
1 10 10.198
1 11 10.0499
1 12 26.2488
1 13 24.0416
1 14 28.6007
1 15 27.7308
1 16 30.2324
1 17 27.8927
1 18 30.8058
1 19 32.311
1 20 23.4307
1 21 21.9317
1 22 23.3452
1 23 21.4009
1 24 26.9072
1 25 25.6125
1 26 23.8537
1 27 27.2029
1 28 25.5539
1 29 30.8058
1 30 28.178
1 31 48.1041
1 32 44.8219
1 33 46.4004
1 34 43.566
1 35 51.8556
1 36 46.1411
1 37 51.3128
1 38 53
1 39 50.5371
1 40 39.2938
1 41 37.3631
1 42 37.9473
1 43 35.1141
1 44 40.1622
1 45 40.8534
1 46 39
1 47 36.2491
1 48 41.6293
1 49 37.1214
1 50 40.7063
1 51 42.9418
1 52 38.5876
1 53 63.0079
1 54 58.0775
1 55 53.0848
1 56 63.1981
1 57 53.2353
1 58 63.3877
1 59 53.4603
1 60 63.7887
1 61 38.3275
1 62 33.3766
1 63 28.4429
1 64 38.1182
1 65 28.1603
1 66 33.0606
1 67 28.0713
1 68 38
1 69 33
1 70 62.8013
1 71 59.9083
1 72 38.833
1 73 60.4401
1 74 33.9559
1 75 3
1 76 55.8032
1 77 57.3847
1 78 54.2033
1 79 56.6392
1 80 58.7282
1 81 51.8556
1 82 32.6956
1 83 29.9666
1 84 26.9258
1 85 24.3516
1 86 24.6982
1 87 23.8537
1 88 21.5407
1 89 20.5913
1 90 19.8494
1 91 17
1 92 27.8029
1 93 26.2488
1 94 24.4131
1 95 20.8087
1 96 19.2094
1 97 22.6716
1 98 14.7648
1 99 15.6205
1 100 19.7231
2 0 20.6155
2 1 2
2 2 0
2 3 5
2 4 3.60555
2 5 5.83095
2 6 5.09902
2 7 6.40312
2 8 7.28011
2 9 7
2 10 10.7703
2 11 10.0499
2 12 25
2 13 23.5372
2 14 27.4591
2 15 26.9258
2 16 29.1548
2 17 27.4591
2 18 30.4138
2 19 31.6228
2 20 25
2 21 23.4307
2 22 24.7588
2 23 22.6716
2 24 28.2843
2 25 26.9072
2 26 25
2 27 28.4253
2 28 26.6271
2 29 32.0156
2 30 29.1548
2 31 49.4975
2 32 46.0977
2 33 47.634
2 34 44.6542
2 35 53.1507
2 36 47.1699
2 37 52.4309
2 38 54.0833
2 39 51.4781
2 40 41.2311
2 41 39.2938
2 42 39.8497
2 43 37
2 44 42.0595
2 45 42.72
2 46 40.8534
2 47 38.0789
2 48 43.4626
2 49 38.9102
2 50 42.4853
2 51 44.7214
2 52 40.3113
2 53 65.0077
2 54 60.075
2 55 55.0818
2 56 65.192
2 57 55.2268
2 58 65.3758
2 59 55.4437
2 60 65.7647
2 61 40.3113
2 62 35.3553
2 63 30.4138
2 64 40.1123
2 65 30.1496
2 66 35.0571
2 67 30.0666
2 68 40
2 69 35
2 70 64.0312
2 71 61.0328
2 72 40.7922
2 73 61.7171
2 74 35.9026
2 75 5
2 76 57.0088
2 77 58.7282
2 78 55.4437
2 79 58
2 80 60.208
2 81 53.1507
2 82 33.541
2 83 30.8869
2 84 27.7308
2 85 25.0799
2 86 25.807
2 87 25
2 88 22.3607
2 89 21.6333
2 90 21.2132
2 91 18.0278
2 92 26.6271
2 93 25
2 94 23.3238
2 95 19.7231
2 96 18.0278
2 97 21.2132
2 98 13.9284
2 99 14.1421
2 100 18.0278
3 0 16.1245
3 1 3.60555
3 2 5
3 3 0
3 4 2
3 5 1
3 6 3.60555
3 7 2
3 8 4.47214
3 9 5.65685
3 10 7
3 11 7.61577
3 12 25.4951
3 13 21.9317
3 14 27.5862
3 15 26.0768
3 16 29.0689
3 17 25.632
3 18 28.4605
3 19 30.4138
3 20 20
3 21 18.4391
3 22 19.799
3 23 17.8045
3 24 23.3452
3 25 22.0227
3 26 20.2485
3 27 23.6008
3 28 21.9545
3 29 27.2029
3 30 24.5967
3 31 44.5533
3 32 41.2311
3 33 42.8019
3 34 39.9625
3 35 48.2701
3 36 42.5441
3 37 47.7074
3 38 49.3964
3 39 46.9574
3 40 36.6742
3 41 34.7131
3 42 35.171
3 43 32.28
3 44 37.3631
3 45 37.9473
3 46 36.0555
3 47 33.2415
3 48 38.6264
3 49 34.0147
3 50 37.5766
3 51 39.8121
3 52 35.3553
3 53 61.0328
3 54 56
3 55 51
3 56 61.0328
3 57 51.0392
3 58 61.131
3 59 51.1566
3 60 61.4003
3 61 36.8782
3 62 32.0156
3 63 27.2029
3 64 36.4966
3 65 26.6833
3 66 31.4006
3 67 26.4764
3 68 36.1248
3 69 31.1448
3 70 64.0703
3 71 61.4003
3 72 37.6431
3 73 61.6117
3 74 32.8938
3 75 3.16228
3 76 57.1402
3 77 58.4123
3 78 55.4707
3 79 57.6281
3 80 59.4138
3 81 53.0094
3 82 34.7851
3 83 31.9531
3 84 29.1204
3 85 26.6833
3 86 26.4008
3 87 25.4951
3 88 23.7697
3 89 22.4722
3 90 21.095
3 91 18.9737
3 92 31.4006
3 93 29.8329
3 94 28.0179
3 95 24.4131
3 96 22.8035
3 97 26.1725
3 98 18.3576
3 99 19.105
3 100 23.0217
4 0 18.1108
4 1 3
4 2 3.60555
4 3 2
4 4 0
4 5 3
4 6 2.23607
4 7 2.82843
4 8 4
4 9 4.47214
4 10 7.28011
4 11 7.07107
4 12 24.0416
4 13 21.1896
4 14 26.2488
4 15 25.0599
4 16 27.8029
4 17 25
4 18 27.8927
4 19 29.5466
4 20 21.6333
4 21 20
4 22 21.2603
4 23 19.105
4 24 24.7588
4 25 23.3452
4 26 21.4009
4 27 24.8395
4 28 23.0217
4 29 28.4253
4 30 25.5539
4 31 45.9674
4 32 42.5206
4 33 44.0454
4 34 41.0488
4 35 49.5782
4 36 43.566
4 37 48.8262
4 38 50.4777
4 39 47.8853
4 40 38.6394
4 41 36.6742
4 42 37.108
4 43 34.2053
4 44 39.2938
4 45 39.8497
4 46 37.9473
4 47 35.1141
4 48 40.4969
4 49 35.8469
4 50 39.3954
4 51 41.6293
4 52 37.1214
4 53 63.0317
4 54 58
4 55 53
4 56 63.0317
4 57 53.0377
4 58 63.1269
4 59 53.1507
4 60 63.3877
4 61 38.833
4 62 33.9559
4 63 29.1204
4 64 38.4708
4 65 28.6356
4 66 33.3766
4 67 28.4429
4 68 38.1182
4 69 33.1361
4 70 65.215
4 71 62.434
4 72 39.5601
4 73 62.8013
4 74 34.7851
4 75 4.24264
4 76 58.2495
4 77 59.6657
4 78 56.6127
4 79 58.8982
4 80 60.8112
4 81 54.2033
4 82 35.4683
4 83 32.6956
4 84 29.7321
4 85 27.2029
4 86 27.2947
4 87 26.4197
4 88 24.3516
4 89 23.2594
4 90 22.2036
4 91 19.6977
4 92 30.2324
4 93 28.6007
4 94 26.9258
4 95 23.3238
4 96 21.6333
4 97 24.7588
4 98 17.4642
4 99 17.6918
4 100 21.4009
5 0 15.1327
5 1 4.24264
5 2 5.83095
5 3 1
5 4 3
5 5 0
5 6 4.47214
5 7 2.23607
5 8 5
5 9 6.40312
5 10 7.07107
5 11 8.06226
5 12 26.2488
5 13 22.3607
5 14 28.2843
5 15 26.6271
5 16 29.7321
5 17 26
5 18 28.7924
5 19 30.8869
5 20 19.2094
5 21 17.6918
5 22 19.105
5 23 17.2047
5 24 22.6716
5 25 21.4009
5 26 19.7231
5 27 23.0217
5 28 21.4709
5 29 26.6271
5 30 24.1661
5 31 43.8634
5 32 40.6079
5 33 42.2019
5 34 39.4462
5 35 47.634
5 36 42.0595
5 37 47.1699
5 38 48.8774
5 39 46.5188
5 40 35.6931
5 41 33.7343
5 42 34.2053
5 43 31.3209
5 44 36.4006
5 45 37
5 46 35.1141
5 47 32.311
5 48 37.6962
5 49 33.1059
5 50 36.6742
5 51 38.9102
5 52 34.4819
5 53 60.0333
5 54 55
5 55 50
5 56 60.0333
5 57 50.04
5 58 60.1332
5 59 50.1597
5 60 60.407
5 61 35.9026
5 62 31.0483
5 63 26.2488
5 64 35.5106
5 65 25.7099
5 66 30.4138
5 67 25.4951
5 68 35.1283
5 69 30.1496
5 70 63.5138
5 71 60.9016
5 72 36.6879
5 73 61.0328
5 74 31.9531
5 75 3
5 76 56.6039
5 77 57.8014
5 78 54.9181
5 79 57.0088
5 80 58.7282
5 81 52.4309
5 82 34.4819
5 83 31.6228
5 84 28.8617
5 85 26.4764
5 86 26
5 87 25.0799
5 88 23.5372
5 89 22.1359
5 90 20.5913
5 91 18.6815
5 92 32.0156
5 93 30.4795
5 94 28.6007
5 95 25
5 96 23.4307
5 97 26.9072
5 98 18.868
5 99 19.8494
5 100 23.8537
6 0 19
6 1 5.09902
6 2 5.09902
6 3 3.60555
6 4 2.23607
6 5 4.47214
6 6 0
6 7 3
6 8 2.23607
6 9 2.23607
6 10 5.83095
6 11 5
6 12 21.9317
6 13 18.9737
6 14 24.0832
6 15 22.8254
6 16 25.6125
6 17 22.8035
6 18 25.7099
6 19 27.313
6 20 21.4709
6 21 19.7231
6 22 20.8087
6 23 18.4391
6 24 24.2074
6 25 22.6716
6 26 20.5183
6 27 24.0416
6 28 22.0227
6 29 27.5862
6 30 24.4131
6 31 45.3431
6 32 41.7253
6 33 43.1856
6 34 40
6 35 48.7955
6 36 42.4382
6 37 47.8017
6 38 49.4065
6 39 46.6476
6 40 39.3192
6 41 37.3363
6 42 37.6563
6 43 34.7131
6 44 39.8121
6 45 40.2616
6 46 38.3275
6 47 35.4401
6 48 40.8044
6 49 36.0555
6 50 39.5601
6 51 41.7852
6 52 37.1618
6 53 64.1249
6 54 59.0339
6 55 54.037
6 56 64
6 57 54
6 58 64.0312
6 59 54.037
6 60 64.195
6 61 40.2616
6 62 35.4401
6 63 30.6757
6 64 39.8121
6 65 30.0832
6 66 34.7131
6 67 29.8329
6 68 39.3192
6 69 34.3657
6 70 67.424
6 71 64.6607
6 72 41.1096
6 73 65
6 74 36.4006
6 75 6.40312
6 76 60.4649
6 77 61.8466
6 78 58.8218
6 79 61.0737
6 80 62.9365
6 81 56.4004
6 82 37.6962
6 83 34.9285
6 84 31.9531
6 85 29.4109
6 86 29.5296
6 87 28.6531
6 88 26.5707
6 89 25.4951
6 90 24.4131
6 91 21.9317
6 92 31.3847
6 93 29.6816
6 94 28.178
6 95 24.5967
6 96 22.8254
6 97 25.6125
6 98 18.9737
6 99 18.6011
6 100 21.9317
7 0 16
7 1 5.38516
7 2 6.40312
7 3 2
7 4 2.82843
7 5 2.23607
7 6 3
7 7 0
7 8 2.82843
7 9 4.47214
7 10 5
7 11 5.83095
7 12 24.2074
7 13 20.1246
7 14 26.1725
7 15 24.4131
7 16 27.5862
7 17 23.7697
7 18 26.5707
7 19 28.6531
7 20 18.868
7 21 17.2047
7 22 18.4391
7 23 16.2788
7 24 21.9317
7 25 20.5183
7 26 18.6011
7 27 22.0227
7 28 20.2485
7 29 25.6125
7 30 22.8254
7 31 43.1393
7 32 39.6989
7 33 41.2311
7 34 38.2753
7 35 46.7547
7 36 40.8167
7 37 46.0435
7 38 47.7074
7 39 45.1774
7 40 36.3456
7 41 34.3657
7 42 34.7131
7 43 31.7805
7 44 36.8782
7 45 37.3631
7 46 35.4401
7 47 32.573
7 48 37.9473
7 49 33.2415
7 50 36.7696
7 51 39
7 52 34.4384
7 53 61.131
7 54 56.0357
7 55 51.0392
7 56 61
7 57 51
7 58 61.0328
7 59 51.0392
7 60 61.2046
7 61 37.3631
7 62 32.573
7 63 27.8568
7 64 36.8782
7 65 27.2029
7 66 31.7805
7 67 26.9258
7 68 36.3456
7 69 31.4006
7 70 65.7343
7 71 63.1348
7 72 38.2753
7 73 63.2456
7 74 33.6155
7 75 5.09902
7 76 58.8303
7 77 60
7 78 57.1402
7 79 59.203
7 80 60.8769
7 81 54.6443
7 82 36.6879
7 83 33.8378
7 84 31.0483
7 85 28.6356
7 86 28.2312
7 87 27.313
7 88 25.7099
7 89 24.3516
7 90 22.8254
7 91 20.8806
7 92 33.0151
7 93 31.4006
7 94 29.6816
7 95 26.0768
7 96 24.4131
7 97 27.5862
7 98 20.1246
7 99 20.5183
7 100 24.2074
8 0 18.1108
8 1 7
8 2 7.28011
8 3 4.47214
8 4 4
8 5 5
8 6 2.23607
8 7 2.82843
8 8 0
8 9 2
8 10 3.60555
8 11 3.16228
8 12 21.4009
8 13 17.4642
8 14 23.3452
8 15 21.6333
8 16 24.7588
8 17 21.1896
8 18 24.0416
8 19 25.9422
8 20 19.6977
8 21 17.8885
8 22 18.868
8 23 16.4012
8 24 22.2036
8 25 20.6155
8 26 18.3848
8 27 21.9317
8 28 19.8494
8 29 25.4558
8 30 22.2036
8 31 43.2782
8 32 39.598
8 33 41.0366
8 34 37.8021
8 35 46.669
8 36 40.2244
8 37 45.607
8 38 47.2017
8 39 44.4185
8 40 38.1182
8 41 36.1248
8 42 36.3456
8 43 33.3766
8 44 38.4708
8 45 38.833
8 46 36.8782
8 47 33.9559
8 48 39.2938
8 49 34.4819
8 50 37.9473
8 51 40.1622
8 52 35.4683
8 53 63.2851
8 54 58.1378
8 55 53.1507
8 56 63.0317
8 57 53.0377
8 58 63
8 59 53
8 60 63.0714
8 61 39.8497
8 62 35.1141
8 63 30.4631
8 64 39.2938
8 65 29.7321
8 66 34.2053
8 67 29.4109
8 68 38.6394
8 69 33.7343
8 70 68.5055
8 71 65.8635
8 72 40.8534
8 73 66.0303
8 74 36.2491
8 75 7.61577
8 76 61.5873
8 77 62.8013
8 78 59.9083
8 79 62.0081
8 80 63.7024
8 81 57.4282
8 82 39.2173
8 83 36.4006
8 84 33.5261
8 85 31.0483
8 86 30.8707
8 87 29.9666
8 88 28.1603
8 89 26.9258
8 90 25.5539
8 91 23.4094
8 92 33.6155
8 93 31.9061
8 94 30.4138
8 95 26.8328
8 96 25.0599
8 97 27.8029
8 98 21.1896
8 99 20.8087
8 100 24.0416
9 0 20.0998
9 1 7.28011
9 2 7
9 3 5.65685
9 4 4.47214
9 5 6.40312
9 6 2.23607
9 7 4.47214
9 8 2
9 9 0
9 10 5
9 11 3.16228
9 12 19.8494
9 13 16.7631
9 14 21.9317
9 15 20.5913
9 16 23.4307
9 17 20.6155
9 18 23.5372
9 19 25.0799
9 20 21.5407
9 21 19.6977
9 22 20.5913
9 23 18.0278
9 24 23.8537
9 25 22.2036
9 26 19.8494
9 27 23.4307
9 28 21.2132
9 29 26.9072
9 30 23.4307
9 31 44.8219
9 32 41.0366
9 33 42.4264
9 34 39.0512
9 35 48.1041
9 36 41.4005
9 37 46.8615
9 38 48.4149
9 39 45.4863
9 40 40.1123
9 41 38.1182
9 42 38.3275
9 43 35.3553
9 44 40.4475
9 45 40.7922
9 46 38.833
9 47 35.9026
9 48 41.2311
9 49 36.4006
9 50 39.8497
9 51 42.0595
9 52 37.3363
9 53 65.2763
9 54 60.1332
9 55 55.1453
9 56 65.0308
9 57 55.0364
9 58 65
9 59 55
9 60 65.0692
9 61 41.7612
9 62 37
9 63 32.311
9 64 41.2311
9 65 31.6228
9 66 36.1386
9 67 31.3209
9 68 40.6079
9 69 35.6931
9 70 69.6348
9 71 66.888
9 72 42.72
9 73 67.2012
9 74 38.0789
9 75 8.60233
9 76 62.6817
9 77 64.0312
9 78 61.0328
9 79 63.2535
9 80 65.0692
9 81 58.6003
9 82 39.9249
9 83 37.1618
9 84 34.176
9 85 31.6228
9 86 31.7648
9 87 30.8869
9 88 28.7924
9 89 27.7308
9 90 26.6271
9 91 24.1661
9 92 32.6497
9 93 30.8869
9 94 29.5466
9 95 26
9 96 24.1661
9 97 26.6271
9 98 20.6155
9 99 19.7231
9 100 22.6716
10 0 16.7631
10 1 10.198
10 2 10.7703
10 3 7
10 4 7.28011
10 5 7.07107
10 6 5.83095
10 7 5
10 8 3.60555
10 9 5
10 10 0
10 11 3
10 12 21.4709
10 13 15.8114
10 14 23.0217
10 15 20.5183
10 16 24.2074
10 17 19.2354
10 18 21.9317
10 19 24.4131
10 20 16.7631
10 21 14.8661
10 22 15.6525
10 23 13.0384
10 24 18.868
10 25 17.2047
10 26 14.8661
10 27 18.4391
10 28 16.2788
10 29 21.9317
10 30 18.6011
10 31 39.8246
10 32 36.0694
10 33 37.4833
10 34 34.2053
10 35 43.1393
10 36 36.6197
10 37 42.0119
10 38 43.6005
10 39 40.8167
10 40 36
10 41 34
10 42 34.0588
10 43 31.0644
10 44 36.1248
10 45 36.3456
10 46 34.3657
10 47 31.4006
10 48 36.6742
10 49 31.7805
10 50 35.171
10 51 37.3631
10 52 32.573
10 53 61.6604
10 54 56.4358
10 55 51.4781
10 56 61.2046
10 57 51.2445
10 58 61.0737
10 59 51.0882
10 60 61
10 61 39
10 62 34.4384
10 63 30.0167
10 64 38.2753
10 65 29.0689
10 66 33.2415
10 67 28.6356
10 68 37.3631
10 69 32.573
10 70 69.9714
10 71 67.5352
10 72 40.2492
10 73 67.4166
10 74 35.8469
10 75 10.0499
10 76 63.1348
10 77 64.0703
10 78 61.4003
10 79 63.2456
10 80 64.6607
10 81 58.8303
10 82 41.4849
10 83 38.6005
10 84 35.9026
10 85 33.541
10 86 32.8938
10 87 31.9531
10 88 30.5941
10 89 29.1204
10 90 27.313
10 91 25.7099
10 92 37.2156
10 93 35.5106
10 94 34
10 95 30.4138
10 96 28.6531
10 97 31.4006
10 98 24.6982
10 99 24.4131
10 100 27.5862
11 0 19.6469
11 1 10.0499
11 2 10.0499
11 3 7.61577
11 4 7.07107
11 5 8.06226
11 6 5
11 7 5.83095
11 8 3.16228
11 9 3.16228
11 10 3
11 11 0
11 12 18.868
11 13 14.3178
11 14 20.6155
11 15 18.6011
11 16 21.9317
11 17 18.0278
11 18 20.8806
11 19 22.8254
11 20 19.6469
11 21 17.72
11 22 18.3848
11 23 15.6525
11 24 21.4709
11 25 19.7231
11 26 17.2047
11 27 20.8087
11 28 18.4391
11 29 24.2074
11 30 20.5183
11 31 42.2019
11 32 38.2884
11 33 39.6232
11 34 36.1248
11 35 45.3431
11 36 38.4187
11 37 43.9318
11 38 45.4533
11 39 42.4382
11 40 39
11 41 37
11 42 37.054
11 43 34.0588
11 44 39.1152
11 45 39.3192
11 46 37.3363
11 47 34.3657
11 48 39.6232
11 49 34.7131
11 50 38.0789
11 51 40.2616
11 52 35.4401
11 53 64.6297
11 54 59.4138
11 55 54.4518
11 56 64.195
11 57 54.231
11 58 64.0703
11 59 54.0833
11 60 64
11 61 41.7852
11 62 37.1618
11 63 32.6497
11 64 41.1096
11 65 31.7805
11 66 36.0555
11 67 31.3847
11 68 40.2616
11 69 35.4401
11 70 71.5612
11 71 68.9638
11 72 42.9535
11 73 69.0652
11 74 38.4708
11 75 10.7703
11 76 64.6607
11 77 65.8027
11 78 62.9682
11 79 65
11 80 66.6033
11 81 60.4649
11 82 42.3792
11 83 39.5601
11 84 36.6879
11 85 34.2053
11 86 34.0147
11 87 33.1059
11 88 31.3209
11 89 30.0832
11 90 28.6531
11 91 26.5707
11 92 35.7771
11 93 34
11 94 32.6956
11 95 29.1548
11 96 27.313
11 97 29.6816
11 98 23.7697
11 99 22.8254
11 100 25.6125
12 0 38.0789
12 1 26.2488
12 2 25
12 3 25.4951
12 4 24.0416
12 5 26.2488
12 6 21.9317
12 7 24.2074
12 8 21.4009
12 9 19.8494
12 10 21.4709
12 11 18.868
12 12 0
12 13 10.4403
12 14 3
12 15 7.07107
12 16 5
12 17 12.2066
12 18 14.1421
12 19 11.1803
12 20 35.3553
12 21 33.3766
12 22 33.1361
12 23 30.1496
12 24 35
12 25 33
12 26 30
12 27 33.0606
12 28 30.0666
12 29 35.3553
12 30 30.4138
12 31 52.2015
12 32 47.4342
12 33 48.1041
12 34 43.4626
12 35 53.8516
12 36 44.7214
12 37 50.5371
12 38 51.4781
12 39 47.1699
12 40 55.9017
12 41 53.9351
12 42 53.6004
12 43 50.636
12 44 55.4437
12 45 55.2268
12 46 53.2353
12 47 50.2494
12 48 55.0818
12 49 50.0899
12 50 53.0094
12 51 55
12 52 50
12 53 82.2253
12 54 76.9025
12 55 72.0347
12 56 81.3941
12 57 71.5891
12 58 81.0494
12 59 71.1969
12 60 80.6226
12 61 60.4152
12 62 55.9017
12 63 51.4781
12 64 59.6154
12 65 50.5371
12 66 54.626
12 67 50.0899
12 68 58.5235
12 69 53.8516
12 70 89.0225
12 71 86.0233
12 72 61.7171
12 73 86.6833
12 74 57.3062
12 75 28.2843
12 76 82.0061
12 77 83.6301
12 78 80.4301
12 79 82.8794
12 80 84.8528
12 81 78.1025
12 82 58.3095
12 83 55.7584
12 84 52.4786
12 85 49.7393
12 86 50.8035
12 87 50
12 88 47.1699
12 89 46.6154
12 90 46.0977
12 91 43.0116
12 92 42
12 93 40
12 94 40.1123
12 95 37.3363
12 96 35.3553
12 97 35
12 98 34.4819
12 99 30.4138
12 100 30
13 0 30.8058
13 1 24.0416
13 2 23.5372
13 3 21.9317
13 4 21.1896
13 5 22.3607
13 6 18.9737
13 7 20.1246
13 8 17.4642
13 9 16.7631
13 10 15.8114
13 11 14.3178
13 12 10.4403
13 13 0
13 14 10
13 15 5.38516
13 16 10.198
13 17 4
13 18 7
13 19 8.60233
13 20 26.2488
13 21 24.3516
13 22 23.7697
13 23 20.8806
13 24 25.1794
13 25 23.1948
13 26 20.2237
13 27 23.0217
13 28 20.025
13 29 25.0799
13 30 20.0998
13 31 41.7612
13 32 37
13 33 37.6962
13 34 33.1059
13 35 43.4626
13 36 34.4819
13 37 40.3113
13 38 41.3401
13 39 37.2022
13 40 46.8402
13 41 44.9222
13 42 44.3847
13 43 41.4849
13 44 46.0977
13 45 45.7056
13 46 43.7379
13 47 40.7922
13 48 45.3982
13 49 40.4475
13 50 43.1856
13 51 45.0999
13 52 40.1123
13 53 73.3757
13 54 68.0074
13 55 63.2456
13 56 72.2772
13 57 62.6418
13 58 71.8053
13 59 62.0967
13 60 71.1969
13 61 53
13 62 48.8262
13 63 44.8219
13 64 51.9711
13 65 43.6005
13 66 47.1699
13 67 43.0116
13 68 50.5371
13 69 46.1411
13 70 85.7555
13 71 83.2406
13 72 54.6443
13 73 83.2166
13 74 50.6063
13 75 25.0799
13 76 78.8923
13 77 79.8812
13 78 77.1751
13 79 79.0569
13 80 80.4301
13 81 74.6257
13 82 56.648
13 83 53.8516
13 84 50.9215
13 85 48.3839
13 86 48.3322
13 87 47.4236
13 88 45.5412
13 89 44.3847
13 90 42.9418
13 91 40.8534
13 92 46.0977
13 93 44.1475
13 94 43.566
13 95 40.3113
13 96 38.3275
13 97 39.2938
13 98 36
13 99 33.3766
13 100 34.4819
14 0 39.3573
14 1 28.6007
14 2 27.4591
14 3 27.5862
14 4 26.2488
14 5 28.2843
14 6 24.0832
14 7 26.1725
14 8 23.3452
14 9 21.9317
14 10 23.0217
14 11 20.6155
14 12 3
14 13 10
14 14 0
14 15 5.38516
14 16 2
14 17 10.7703
14 18 12.2066
14 19 8.60233
14 20 35.9026
14 21 33.9559
14 22 33.541
14 23 30.5941
14 24 35.1283
14 25 33.1361
14 26 30.1496
14 27 33.0151
14 28 30.0167
14 29 35.0571
14 30 30.0666
14 31 51.4198
14 32 46.5725
14 33 47.1275
14 34 42.3792
14 35 52.811
14 36 43.4626
14 37 49.2443
14 38 50.0899
14 39 45.6508
14 40 56.5155
14 41 54.5711
14 42 54.1295
14 43 51.1957
14 44 55.9017
14 45 55.5788
14 46 53.6004
14 47 50.636
14 48 55.3263
14 49 50.3587
14 50 53.1507
14 51 55.0818
14 52 50.0899
14 53 82.9699
14 54 77.6209
14 55 72.8011
14 56 82
14 57 72.2772
14 58 81.5843
14 59 71.8053
14 60 81.0494
14 61 61.7171
14 62 57.3062
14 63 53
14 64 60.8358
14 65 51.9711
14 66 55.9017
14 67 51.4781
14 68 59.6154
14 69 55.0364
14 70 91.4002
14 71 88.4816
14 72 63.1348
14 73 89.0225
14 74 58.8303
14 75 30.4795
14 76 84.4038
14 77 85.9128
14 78 82.801
14 79 85.1469
14 80 87
14 81 80.4301
14 82 60.9016
14 83 58.3095
14 84 55.0727
14 85 52.3546
14 86 53.2541
14 87 52.4309
14 88 49.7393
14 89 49.0918
14 90 48.4149
14 91 45.4863
14 92 45
14 93 43
14 94 43.1045
14 95 40.3113
14 96 38.3275
14 97 38
14 98 37.3631
14 99 33.3766
14 100 33
15 0 36.0555
15 1 27.7308
15 2 26.9258
15 3 26.0768
15 4 25.0599
15 5 26.6271
15 6 22.8254
15 7 24.4131
15 8 21.6333
15 9 20.5913
15 10 20.5183
15 11 18.6011
15 12 7.07107
15 13 5.38516
15 14 5.38516
15 15 0
15 16 5
15 17 5.38516
15 18 7.07107
15 19 5
15 20 31.6228
15 21 29.7321
15 22 29.1204
15 23 26.2488
15 24 30.4138
15 25 28.4429
15 26 25.4951
15 27 28.1603
15 28 25.1794
15 29 30
15 30 25
15 31 46.0977
15 32 41.2311
15 33 41.7612
15 34 37
15 35 47.4342
15 36 38.0789
15 37 43.8634
15 38 44.7214
15 39 40.3113
15 40 52.2015
15 41 50.2892
15 42 49.7293
15 43 46.8402
15 44 51.4198
15 45 50.9902
15 46 49.0306
15 47 46.0977
15 48 50.636
15 49 45.7056
15 50 48.3735
15 51 50.2494
15 52 45.2769
15 53 78.7464
15 54 73.3757
15 55 68.6222
15 56 77.6209
15 57 68.0074
15 58 77.1298
15 59 67.4463
15 60 76.4853
15 61 58.3095
15 62 54.0833
15 63 50
15 64 57.3062
15 65 48.8262
15 66 52.4786
15 67 48.2597
15 68 55.9017
15 69 51.4781
15 70 90.1388
15 71 87.4643
15 72 59.9083
15 73 87.6584
15 74 55.8032
15 75 29.1548
15 76 83.2166
15 77 84.4038
15 78 81.5414
15 79 83.6002
15 80 85.1469
15 81 79.0569
15 82 60.4152
15 83 57.6975
15 84 54.626
15 85 52
15 86 52.3546
15 87 51.4781
15 88 49.2443
15 89 48.3011
15 90 47.1699
15 91 44.7214
15 92 47.2652
15 93 45.2769
15 94 45.0444
15 95 42
15 96 40
15 97 40.3113
15 98 38.3275
15 99 35
15 100 35.3553
16 0 40.3113
16 1 30.2324
16 2 29.1548
16 3 29.0689
16 4 27.8029
16 5 29.7321
16 6 25.6125
16 7 27.5862
16 8 24.7588
16 9 23.4307
16 10 24.2074
16 11 21.9317
16 12 5
16 13 10.198
16 14 2
16 15 5
16 16 0
16 17 10.198
16 18 11.1803
16 19 7.07107
16 20 36.4006
16 21 34.4819
16 22 33.9559
16 23 31.0483
16 24 35.3553
16 25 33.3766
16 26 30.4138
16 27 33.1361
16 28 30.1496
16 29 35
16 30 30
16 31 50.9902
16 32 46.0977
16 33 46.5725
16 34 41.7612
16 35 52.2015
16 36 42.72
16 37 48.4665
16 38 49.2443
16 39 44.7214
16 40 57.0088
16 41 55.0818
16 42 54.5711
16 43 51.6624
16 44 56.2939
16 45 55.9017
16 46 53.9351
16 47 50.9902
16 48 55.5788
16 49 50.636
16 50 53.3385
16 51 55.2268
16 52 50.2494
16 53 83.5225
16 54 78.1601
16 55 73.3757
16 56 82.4621
16 57 72.8011
16 58 82
16 59 72.2772
16 60 81.3941
16 61 62.6498
16 62 58.3095
16 63 54.0833
16 64 61.7171
16 65 53
16 66 56.8243
16 67 52.4786
16 68 60.4152
16 69 55.9017
16 70 93.0054
16 71 90.1388
16 72 64.1405
16 73 90.6035
16 74 59.9083
16 75 32.0156
16 76 86.0233
16 77 87.4586
16 78 84.4038
16 79 86.6833
16 80 88.459
16 81 82.0061
16 82 62.6498
16 83 60.0333
16 84 56.8243
16 85 54.1202
16 86 54.9181
16 87 54.0833
16 88 51.4781
16 89 50.774
16 90 50
16 91 47.1699
16 92 47
16 93 45
16 94 45.0999
16 95 42.2966
16 96 40.3113
16 97 40
16 98 39.2938
16 99 35.3553
16 100 35
17 0 33.3017
17 1 27.8927
17 2 27.4591
17 3 25.632
17 4 25
17 5 26
17 6 22.8035
17 7 23.7697
17 8 21.1896
17 9 20.6155
17 10 19.2354
17 11 18.0278
17 12 12.2066
17 13 4
17 14 10.7703
17 15 5.38516
17 16 10.198
17 17 0
17 18 3
17 19 5.83095
17 20 27.7308
17 21 25.9422
17 22 25.0799
17 23 22.3607
17 24 25.9615
17 25 24.0416
17 26 21.1896
17 27 23.5372
17 28 20.6155
17 29 25.0799
17 30 20.0998
17 31 40.7922
17 32 35.9026
17 33 36.4006
17 34 31.6228
17 35 42.0595
17 36 32.6956
17 37 38.4838
17 38 39.3573
17 39 34.9857
17 40 48.1041
17 41 46.2385
17 42 45.5412
17 43 42.72
17 44 47.1275
17 45 46.5725
17 46 44.643
17 47 41.7612
17 48 46.0977
17 49 41.2311
17 50 43.7379
17 51 45.5412
17 52 40.6079
17 53 74.6726
17 54 69.2892
17 55 64.622
17 56 73.3757
17 57 63.9062
17 58 72.8011
17 59 63.2456
17 60 72.0347
17 61 55.2178
17 62 51.225
17 63 47.4236
17 64 54.0833
17 65 46.0977
17 66 49.4065
17 67 45.4533
17 68 52.4786
17 69 48.2597
17 70 89.1852
17 71 86.7698
17 72 57.0088
17 73 86.6083
17 74 53.1507
17 75 28.7924
17 76 82.365
17 77 83.2166
17 78 80.6226
17 79 82.3772
17 80 83.6002
17 81 78.032
17 82 60.407
17 83 57.5847
17 84 54.7083
17 85 52.2015
17 86 52
17 87 51.0784
17 88 49.3356
17 89 48.1041
17 90 46.5188
17 91 44.5982
17 92 50.01
17 93 48.0521
17 94 47.5184
17 95 44.2832
17 96 42.2966
17 97 43.1741
17 98 40
17 99 37.3363
17 100 38.3275
18 0 35.3553
18 1 30.8058
18 2 30.4138
18 3 28.4605
18 4 27.8927
18 5 28.7924
18 6 25.7099
18 7 26.5707
18 8 24.0416
18 9 23.5372
18 10 21.9317
18 11 20.8806
18 12 14.1421
18 13 7
18 14 12.2066
18 15 7.07107
18 16 11.1803
18 17 3
18 18 0
18 19 5
18 20 29.1548
18 21 27.4591
18 22 26.4197
18 23 23.8537
18 24 26.9258
18 25 25.0799
18 26 22.3607
18 27 24.3516
18 28 21.5407
18 29 25.4951
18 30 20.6155
18 31 40.3113
18 32 35.3553
18 33 35.6931
18 34 30.8058
18 35 41.2311
18 36 31.6228
18 37 37.3363
18 38 38.0789
18 39 33.541
18 40 49.2443
18 41 47.4236
18 42 46.6154
18 43 43.8634
18 44 48.1041
18 45 47.4342
18 46 45.5412
18 47 42.72
18 48 46.8402
18 49 42.0595
18 50 44.3847
18 51 46.0977
18 52 41.2311
18 53 75.7694
18 54 70.3847
18 55 65.7951
18 56 74.3303
18 57 65
18 58 73.6817
18 59 64.2573
18 60 72.8011
18 61 57.0088
18 62 53.1507
18 63 49.4975
18 64 55.8032
18 65 48.1041
18 66 51.225
18 67 47.4236
18 68 54.0833
18 69 50
18 70 91.7878
18 71 89.4427
18 72 58.8982
18 73 89.1852
18 74 55.1725
18 75 31.6228
18 76 85
18 77 85.7555
18 78 83.2406
18 79 84.9058
18 80 86.0233
18 81 80.6226
18 82 63.2456
18 83 60.407
18 84 57.5674
18 85 55.0818
18 86 54.7814
18 87 53.8516
18 88 52.2015
18 89 50.9215
18 90 49.2443
18 91 47.4342
18 92 52.9528
18 93 50.9902
18 94 50.4876
18 95 47.2652
18 96 45.2769
18 97 46.0977
18 98 43
18 99 40.3113
18 100 41.2311
19 0 39.0512
19 1 32.311
19 2 31.6228
19 3 30.4138
19 4 29.5466
19 5 30.8869
19 6 27.313
19 7 28.6531
19 8 25.9422
19 9 25.0799
19 10 24.4131
19 11 22.8254
19 12 11.1803
19 13 8.60233
19 14 8.60233
19 15 5
19 16 7.07107
19 17 5.83095
19 18 5
19 19 0
19 20 33.541
19 21 31.7648
19 22 30.8707
19 23 28.178
19 24 31.6228
19 25 29.7321
19 26 26.9258
19 27 29.1204
19 28 26.2488
19 29 30.4138
19 30 25.4951
19 31 45.2769
19 32 40.3113
19 33 40.6079
19 34 35.6931
19 35 46.0977
19 36 36.4006
19 37 42.0595
19 38 42.72
19 39 38.0789
19 40 53.8516
19 41 52
19 42 51.264
19 43 48.4665
19 44 52.811
19 45 52.2015
19 46 50.2892
19 47 47.4342
19 48 51.6624
19 49 46.8402
19 50 49.2443
19 51 50.9902
19 52 46.0977
19 53 80.4114
19 54 75.0267
19 55 70.3847
19 56 79.0569
19 57 69.6419
19 58 78.4474
19 59 68.9493
19 60 77.6209
19 61 61.0328
19 62 57.0088
19 63 53.1507
19 64 59.9083
19 65 51.8556
19 66 55.2178
19 67 51.225
19 68 58.3095
19 69 54.0833
19 70 94.3398
19 71 91.7878
19 72 62.8013
19 73 91.8096
19 74 58.8982
19 75 33.541
19 76 87.4643
19 77 88.4816
19 78 85.7555
19 79 87.6584
19 80 89.0225
19 81 83.2166
19 82 65
19 83 62.2415
19 84 59.2368
19 85 56.648
19 86 56.7979
19 87 55.9017
19 88 53.8516
19 89 52.8015
19 90 51.4781
19 91 49.2443
19 92 52.2398
19 93 50.2494
19 94 50.04
19 95 47
19 96 45
19 97 45.2769
19 98 43.2897
19 99 40
19 100 40.3113
20 0 10
20 1 23.4307
20 2 25
20 3 20
20 4 21.6333
20 5 19.2094
20 6 21.4709
20 7 18.868
20 8 19.6977
20 9 21.5407
20 10 16.7631
20 11 19.6469
20 12 35.3553
20 13 26.2488
20 14 35.9026
20 15 31.6228
20 16 36.4006
20 17 27.7308
20 18 29.1548
20 19 33.541
20 20 0
20 21 2
20 22 2.82843
20 23 5.38516
20 24 5
20 25 5.38516
20 26 7.07107
20 27 7.28011
20 28 8.60233
20 29 10
20 30 11.1803
20 31 25
20 32 22.3607
20 33 24.1661
20 34 22.561
20 35 29.1548
20 36 25.4951
20 37 29.7321
20 38 31.6228
20 39 30.4138
20 40 20.6155
20 41 18.6815
20 42 18.2483
20 43 15.2971
20 44 20.0998
20 45 20
20 46 18
20 47 15
20 48 20.0998
20 49 15.1327
20 50 18.4391
20 51 20.6155
20 52 15.8114
20 53 47.1275
20 54 41.7612
20 55 37
20 56 46.0977
20 57 36.4006
20 58 45.7056
20 59 35.9026
20 60 45.2769
20 61 28.2843
20 62 25
20 63 22.3607
20 64 26.9072
20 65 20.5913
20 66 22.6716
20 67 19.7231
20 68 25
20 69 21.2132
20 70 68.0074
20 71 66.7083
20 72 30.4795
20 73 65.146
20 74 27.4591
20 75 21.2132
20 76 61.8466
20 77 61.3514
20 78 59.9083
20 79 60.407
20 80 60.4152
20 81 57.0088
20 82 45.2769
20 83 42.2966
20 84 40.7922
20 85 39.2938
20 86 36.3456
20 87 35.3553
20 88 36.4006
20 89 33.9559
20 90 30.4138
20 91 31.6228
20 92 50.9313
20 93 49.4975
20 94 47.4236
20 95 43.8634
20 96 42.4264
20 97 46.0977
20 98 37.5366
20 99 39.0512
20 100 43.0116
21 0 10.198
21 1 21.9317
21 2 23.4307
21 3 18.4391
21 4 20
21 5 17.6918
21 6 19.7231
21 7 17.2047
21 8 17.8885
21 9 19.6977
21 10 14.8661
21 11 17.72
21 12 33.3766
21 13 24.3516
21 14 33.9559
21 15 29.7321
21 16 34.4819
21 17 25.9422
21 18 27.4591
21 19 31.7648
21 20 2
21 21 0
21 22 2
21 23 3.60555
21 24 5.38516
21 25 5
21 26 5.83095
21 27 7
21 28 7.61577
21 29 10.198
21 30 10.4403
21 31 26.2488
21 32 23.3238
21 33 25.0599
21 34 23.0868
21 35 30.2324
21 36 25.9615
21 37 30.4631
21 38 32.311
21 39 30.8058
21 40 22.561
21 41 20.6155
21 42 20.2237
21 43 17.2627
21 44 22.0907
21 45 22
21 46 20
21 47 17
21 48 22.0907
21 49 17.1172
21 50 20.3961
21 51 22.561
21 52 17.72
21 53 49.0408
21 54 43.6807
21 55 38.8973
21 56 48.0521
21 57 38.3275
21 58 47.676
21 59 37.855
21 60 47.2652
21 61 29.7321
21 62 26.2488
21 63 23.3238
21 64 28.4253
21 65 21.6333
21 66 24.0416
21 67 20.8087
21 68 26.6271
21 69 22.6716
21 70 68.6222
21 71 67.1863
21 72 31.8277
21 73 65.7875
21 74 28.6007
21 75 19.8494
21 76 62.3618
21 77 62.0322
21 78 60.4401
21 79 61.0983
21 80 61.2699
21 81 57.5674
21 82 45.0999
21 83 42.107
21 84 40.4475
21 85 38.833
21 86 36.1248
21 87 35.1283
21 88 35.9026
21 89 33.541
21 90 30.1496
21 91 31.0483
21 92 49.5782
21 93 48.1041
21 94 46.0977
21 95 42.5206
21 96 41.0366
21 97 44.5982
21 98 36.2353
21 99 37.5366
21 100 41.4005
22 0 12.1655
22 1 23.3452
22 2 24.7588
22 3 19.799
22 4 21.2603
22 5 19.105
22 6 20.8087
22 7 18.4391
22 8 18.868
22 9 20.5913
22 10 15.6525
22 11 18.3848
22 12 33.1361
22 13 23.7697
22 14 33.541
22 15 29.1204
22 16 33.9559
22 17 25.0799
22 18 26.4197
22 19 30.8707
22 20 2.82843
22 21 2
22 22 0
22 23 3
22 24 3.60555
22 25 3
22 26 4.24264
22 27 5
22 28 5.83095
22 29 8.24621
22 30 8.544
22 31 24.7588
22 32 21.6333
22 33 23.3238
22 34 21.1896
22 35 28.6007
22 36 24.0416
22 37 28.6356
22 38 30.4631
22 39 28.8617
22 40 23.0868
22 41 21.1896
22 42 20.6155
22 43 17.72
22 44 22.3607
22 45 22.0907
22 46 20.0998
22 47 17.1172
22 48 22
22 49 17
22 50 20.0998
22 51 22.2036
22 52 17.2627
22 53 49.6488
22 54 44.2719
22 55 39.5601
22 56 48.5077
22 57 38.8973
22 58 48.0521
22 59 38.3275
22 60 47.5184
22 61 31.1127
22 62 27.8029
22 63 25.0599
22 64 29.7321
22 65 23.3238
22 66 25.4951
22 67 22.4722
22 68 27.8029
22 69 24.0416
22 70 70.5195
22 71 69.1231
22 72 33.3017
22 73 67.6757
22 74 30.2324
22 75 21.4009
22 76 64.2884
22 77 63.9062
22 78 62.3618
22 79 62.9682
22 80 63.0714
22 81 59.4811
22 82 47.0956
22 83 44.1022
22 84 42.4264
22 85 40.7922
22 86 38.1182
22 87 37.1214
22 88 37.855
22 89 35.5106
22 90 32.1403
22 91 32.9848
22 92 51.0882
22 93 49.5782
22 94 47.634
22 95 44.0454
22 96 42.5206
22 97 45.9674
22 98 37.8021
22 99 38.8973
22 100 42.638
23 0 13
23 1 21.4009
23 2 22.6716
23 3 17.8045
23 4 19.105
23 5 17.2047
23 6 18.4391
23 7 16.2788
23 8 16.4012
23 9 18.0278
23 10 13.0384
23 11 15.6525
23 12 30.1496
23 13 20.8806
23 14 30.5941
23 15 26.2488
23 16 31.0483
23 17 22.3607
23 18 23.8537
23 19 28.178
23 20 5.38516
23 21 3.60555
23 22 3
23 23 0
23 24 5.83095
23 25 4.24264
23 26 3
23 27 5.83095
23 28 5
23 29 9.43398
23 30 8
23 31 26.9072
23 32 23.4307
23 33 25
23 34 22.3607
23 35 30.4795
23 36 25.0799
23 37 30.0167
23 38 31.7648
23 39 29.7321
23 40 25.9615
23 41 24.0416
23 42 23.5372
23 43 20.6155
23 44 25.318
23 45 25.0799
23 46 23.0868
23 47 20.0998
23 48 25
23 49 20
23 50 23.0868
23 51 25.1794
23 52 20.2237
23 53 52.4976
23 54 47.1275
23 55 42.3792
23 56 51.4198
23 57 41.7612
23 58 50.9902
23 59 41.2311
23 60 50.4876
23 61 33.3017
23 62 29.7321
23 63 26.6271
23 64 32.0156
23 65 25
23 66 27.5862
23 67 24.2074
23 68 30.2324
23 69 26.2488
23 70 71.5122
23 71 69.9214
23 72 35.3553
23 73 68.7095
23 74 32.0156
23 75 19.7231
23 76 65.146
23 77 65
23 78 63.2456
23 79 64.0781
23 80 64.4127
23 81 60.407
23 82 47
23 83 44
23 84 42.107
23 85 40.3113
23 86 38
23 87 37
23 88 37.3363
23 89 35.1283
23 90 32
23 91 32.3883
23 92 49.2037
23 93 47.634
23 94 45.8039
23 95 42.2019
23 96 40.6079
23 97 43.8634
23 98 36.0555
23 99 36.7967
23 100 40.3609
24 0 15
24 1 26.9072
24 2 28.2843
24 3 23.3452
24 4 24.7588
24 5 22.6716
24 6 24.2074
24 7 21.9317
24 8 22.2036
24 9 23.8537
24 10 18.868
24 11 21.4709
24 12 35
24 13 25.1794
24 14 35.1283
24 15 30.4138
24 16 35.3553
24 17 25.9615
24 18 26.9258
24 19 31.6228
24 20 5
24 21 5.38516
24 22 3.60555
24 23 5.83095
24 24 0
24 25 2
24 26 5
24 27 2.82843
24 28 5.38516
24 29 5
24 30 7.07107
24 31 21.2132
24 32 18.0278
24 33 19.7231
24 34 17.72
24 35 25
24 36 20.6155
24 37 25.0799
24 38 26.9258
24 39 25.4951
24 40 22.3607
24 41 20.5913
24 42 19.6977
24 43 17
24 44 21.1896
24 45 20.6155
24 46 18.6815
24 47 15.8114
24 48 20.2237
24 49 15.2971
24 50 18.0278
24 51 20
24 52 15
24 53 48.8467
24 54 43.4626
24 55 38.9102
24 56 47.4342
24 57 38.0789
24 58 46.8402
24 59 37.3363
24 60 46.0977
24 61 32.0156
24 62 29.1548
24 63 26.9258
24 64 30.4795
24 65 25.0799
24 66 26.6271
24 67 24.1661
24 68 28.2843
24 69 25
24 70 72.8011
24 71 71.5891
24 72 34.4093
24 73 69.9214
24 74 31.7648
24 75 25
24 76 66.7083
24 77 66.0984
24 78 64.7611
24 79 65.146
24 80 65
24 81 61.8466
24 82 50.2494
24 83 47.2652
24 84 45.7056
24 85 44.1475
24 86 41.3038
24 87 40.3113
24 88 41.2311
24 89 38.833
24 90 35.3553
24 91 36.4006
24 92 54.6717
24 93 53.1507
24 94 51.225
24 95 47.634
24 96 46.0977
24 97 49.4975
24 98 41.4005
24 99 42.4264
24 100 46.0977
25 0 15.1327
25 1 25.6125
25 2 26.9072
25 3 22.0227
25 4 23.3452
25 5 21.4009
25 6 22.6716
25 7 20.5183
25 8 20.6155
25 9 22.2036
25 10 17.2047
25 11 19.7231
25 12 33
25 13 23.1948
25 14 33.1361
25 15 28.4429
25 16 33.3766
25 17 24.0416
25 18 25.0799
25 19 29.7321
25 20 5.38516
25 21 5
25 22 3
25 23 4.24264
25 24 2
25 25 0
25 26 3
25 27 2
25 28 3.60555
25 29 5.38516
25 30 5.83095
25 31 22.6716
25 32 19.2094
25 33 20.8087
25 34 18.3848
25 35 26.2488
25 36 21.1896
25 37 25.9422
25 38 27.7308
25 39 25.9615
25 40 24.1661
25 41 22.3607
25 42 21.5407
25 43 18.7883
25 44 23.0868
25 45 22.561
25 46 20.6155
25 47 17.72
25 48 22.2036
25 49 17.2627
25 50 20.025
25 51 22
25 52 17
25 53 50.6952
25 54 45.31
25 55 40.7185
25 56 49.3356
25 57 39.9249
25 58 48.7647
25 59 39.2173
25 60 48.0521
25 61 33.3017
25 62 30.2324
25 63 27.7308
25 64 31.8277
25 65 25.9422
25 66 27.8029
25 67 25.0599
25 68 29.7321
25 69 26.2488
25 70 73.3757
25 71 72.0347
25 72 35.609
25 73 70.5195
25 74 32.7567
25 75 23.8537
25 76 67.1863
25 77 66.7308
25 78 65.2533
25 79 65.7875
25 80 65.7951
25 81 62.3618
25 82 50.0899
25 83 47.0956
25 84 45.3982
25 85 43.7379
25 86 41.1096
25 87 40.1123
25 88 40.7922
25 89 38.4708
25 90 35.1283
25 91 35.9026
25 92 53.4135
25 93 51.8556
25 94 50
25 95 46.4004
25 96 44.8219
25 97 48.1041
25 98 40.2244
25 99 41.0366
25 100 44.5982
26 0 15.8114
26 1 23.8537
26 2 25
26 3 20.2485
26 4 21.4009
26 5 19.7231
26 6 20.5183
26 7 18.6011
26 8 18.3848
26 9 19.8494
26 10 14.8661
26 11 17.2047
26 12 30
26 13 20.2237
26 14 30.1496
26 15 25.4951
26 16 30.4138
26 17 21.1896
26 18 22.3607
26 19 26.9258
26 20 7.07107
26 21 5.83095
26 22 4.24264
26 23 3
26 24 5
26 25 3
26 26 0
26 27 3.60555
26 28 2
26 29 7.07107
26 30 5
26 31 25
26 32 21.2132
26 33 22.6716
26 34 19.7231
26 35 28.2843
26 36 22.3607
26 37 27.4591
26 38 29.1548
26 39 26.9258
26 40 26.9258
26 41 25.0799
26 42 24.3516
26 43 21.5407
26 44 25.9615
26 45 25.4951
26 46 23.5372
26 47 20.6155
26 48 25.1794
26 49 20.2237
26 50 23.0217
26 51 25
26 52 20
26 53 53.4883
26 54 48.1041
26 55 43.4626
26 56 52.2015
26 57 42.72
26 58 51.6624
26 59 42.0595
26 60 50.9902
26 61 35.3553
26 62 32.0156
26 63 29.1548
26 64 33.9706
26 65 27.4591
26 66 29.7321
26 67 26.6271
26 68 32.0156
26 69 28.2843
26 70 74.3303
26 71 72.8011
26 72 37.5366
26 73 71.5122
26 74 34.4093
26 75 22.3607
26 76 68.0074
26 77 67.7791
26 78 66.0984
26 79 66.8506
26 80 67.082
26 81 63.2456
26 82 50
26 83 47
26 84 45.0999
26 85 43.2897
26 86 41
26 87 40
26 88 40.3113
26 89 38.1182
26 90 35
26 91 35.3553
26 92 51.614
26 93 50
26 94 48.2597
26 95 44.6542
26 96 43.0116
26 97 46.0977
26 98 38.5876
26 99 39.0512
26 100 42.4264
27 0 17.1172
27 1 27.2029
27 2 28.4253
27 3 23.6008
27 4 24.8395
27 5 23.0217
27 6 24.0416
27 7 22.0227
27 8 21.9317
27 9 23.4307
27 10 18.4391
27 11 20.8087
27 12 33.0606
27 13 23.0217
27 14 33.0151
27 15 28.1603
27 16 33.1361
27 17 23.5372
27 18 24.3516
27 19 29.1204
27 20 7.28011
27 21 7
27 22 5
27 23 5.83095
27 24 2.82843
27 25 2
27 26 3.60555
27 27 0
27 28 3
27 29 3.60555
27 30 4.24264
27 31 21.4009
27 32 17.6918
27 33 19.2094
27 34 16.5529
27 35 24.7588
27 36 19.3132
27 37 24.1868
27 38 25.9422
27 39 24.0416
27 40 25.0599
27 41 23.3238
27 42 22.3607
27 43 19.7231
27 44 23.7697
27 45 23.0868
27 46 21.1896
27 47 18.3848
27 48 22.561
27 49 17.72
27 50 20.2237
27 51 22.0907
27 52 17.1172
27 53 51.4781
27 54 46.0977
27 55 41.5933
27 56 49.98
27 57 40.7185
27 58 49.3356
27 59 39.9249
27 60 48.5077
27 61 34.8281
27 62 31.9061
27 63 29.5466
27 64 33.3017
27 65 27.7308
27 66 29.4109
27 67 26.8328
27 68 31.1127
27 69 27.8029
27 70 75.2861
27 71 73.9797
27 72 37.2022
27 73 72.4224
27 74 34.4819
27 75 25.5539
27 76 69.1231
27 77 68.6222
27 78 67.1863
27 79 67.6757
27 80 67.624
27 81 64.2884
27 82 52.0865
27 83 49.0918
27 84 47.3814
27 85 45.7056
27 86 43.1045
27 87 42.107
27 88 42.7551
27 89 40.4475
27 90 37.1214
27 91 37.855
27 92 55
27 93 53.4135
27 94 51.614
27 95 48.0104
27 96 46.4004
27 97 49.5782
27 98 41.8808
27 99 42.5206
27 100 45.9674
28 0 17.72
28 1 25.5539
28 2 26.6271
28 3 21.9545
28 4 23.0217
28 5 21.4709
28 6 22.0227
28 7 20.2485
28 8 19.8494
28 9 21.2132
28 10 16.2788
28 11 18.4391
28 12 30.0666
28 13 20.025
28 14 30.0167
28 15 25.1794
28 16 30.1496
28 17 20.6155
28 18 21.5407
28 19 26.2488
28 20 8.60233
28 21 7.61577
28 22 5.83095
28 23 5
28 24 5.38516
28 25 3.60555
28 26 2
28 27 3
28 28 0
28 29 5.83095
28 30 3
28 31 23.8537
28 32 19.8494
28 33 21.2132
28 34 18.0278
28 35 26.9072
28 36 20.5913
28 37 25.807
28 38 27.4591
28 39 25.0799
28 40 27.7308
28 41 25.9422
28 42 25.0799
28 43 22.3607
28 44 26.5707
28 45 25.9615
28 46 24.0416
28 47 21.1896
28 48 25.4951
28 49 20.6155
28 50 23.1948
28 51 25.0799
28 52 20.0998
28 53 54.231
28 54 48.8467
28 55 44.2832
28 56 52.811
28 57 43.4626
28 58 52.2015
28 59 42.72
28 60 51.4198
28 61 36.7967
28 62 33.6006
28 63 30.8869
28 64 35.3553
28 65 29.1548
28 66 31.241
28 67 28.3019
28 68 33.3017
28 69 29.7321
28 70 76.2168
28 71 74.7262
28 72 39.0512
28 73 73.3894
28 74 36.0555
28 75 24.1661
28 76 69.9214
28 77 69.6419
28 78 68.0074
28 79 68.7095
28 80 68.8767
28 81 65.146
28 82 52
28 83 49
28 84 47.0956
28 85 45.2769
28 86 43
28 87 42
28 88 42.2966
28 89 40.1123
28 90 37
28 91 37.3363
28 92 53.2541
28 93 51.614
28 94 49.93
28 95 46.3249
28 96 44.6542
28 97 47.634
28 98 40.3113
28 99 40.6079
28 100 43.8634
29 0 20
29 1 30.8058
29 2 32.0156
29 3 27.2029
29 4 28.4253
29 5 26.6271
29 6 27.5862
29 7 25.6125
29 8 25.4558
29 9 26.9072
29 10 21.9317
29 11 24.2074
29 12 35.3553
29 13 25.0799
29 14 35.0571
29 15 30
29 16 35
29 17 25.0799
29 18 25.4951
29 19 30.4138
29 20 10
29 21 10.198
29 22 8.24621
29 23 9.43398
29 24 5
29 25 5.38516
29 26 7.07107
29 27 3.60555
29 28 5.83095
29 29 0
29 30 5
29 31 18.0278
29 32 14.1421
29 33 15.6205
29 34 13
29 35 21.2132
29 36 15.8114
29 37 20.5913
29 38 22.3607
29 39 20.6155
29 40 25
29 41 23.4307
29 42 22.2036
29 43 19.8494
29 44 23.3238
29 45 22.3607
29 46 20.5913
29 47 18.0278
29 48 21.5407
29 49 17
29 50 18.9737
29 51 20.6155
29 52 15.8114
29 53 51
29 54 45.6508
29 55 41.3401
29 56 49.2443
29 57 40.3113
29 58 48.4665
29 59 39.3573
29 60 47.4342
29 61 36.0555
29 62 33.541
29 63 31.6228
29 64 34.4093
29 65 29.7321
29 66 30.8869
29 67 28.7924
29 68 32.0156
29 69 29.1548
29 70 77.6209
29 71 76.4853
29 72 38.5876
29 73 74.7262
29 74 36.2491
29 75 29.1548
29 76 71.5891
29 77 70.8802
29 78 69.6348
29 79 69.9214
29 80 69.6419
29 81 66.7083
29 82 55.2268
29 83 52.2398
29 84 50.636
29 85 49.0306
29 86 46.2709
29 87 45.2769
29 88 46.0977
29 89 43.7379
29 90 40.3113
29 91 41.2311
29 92 58.6003
29 93 57.0088
29 94 55.2178
29 95 51.614
29 96 50
29 97 53.1507
29 98 45.4863
29 99 46.0977
29 100 49.4975
30 0 20.6155
30 1 28.178
30 2 29.1548
