data;
param n := 76;
param Dmax := 160;
param Cmax := 140;
param : V :  c :=
0 0
1 18
2 26
3 11
4 30
5 21
6 19
7 15
8 16
9 29
10 26
11 37
12 16
13 12
14 31
15 8
16 19
17 20
18 13
19 15
20 22
21 28
22 12
23 6
24 27
25 14
26 18
27 17
28 29
29 13
30 22
31 25
32 28
33 27
34 19
35 10
36 12
37 14
38 24
39 16
40 33
41 15
42 11
43 18
44 17
45 21
46 27
47 19
48 20
49 5
50 22
51 12
52 19
53 22
54 16
55 7
56 26
57 14
58 21
59 24
60 13
61 15
62 18
63 11
64 28
65 9
66 37
67 30
68 10
69 8
70 11
71 3
72 1
73 6
74 10
75 20
;
param : E : d :=
0 0 0
0 1 25.4558
0 2 14.5602
0 3 19.6469
0 4 7.07107
0 5 25
0 6 9.21954
0 7 14.1421
0 8 15.8114
0 9 23.6008
0 10 26
0 11 29.1548
0 12 12.083
0 13 22.561
0 14 27.8029
0 15 27.2029
0 16 19.4165
0 17 8.06226
0 18 34.8855
0 19 23.4094
0 20 36.7696
0 21 27.2947
0 22 30.4138
0 23 31.3847
0 24 33.1361
0 25 33.2415
0 26 6.08276
0 27 16.1555
0 28 24.5153
0 29 18.4391
0 30 14.3178
0 31 37.108
0 32 22.2036
0 33 17.8045
0 34 10
0 35 18.0278
0 36 33.1059
0 37 32.0156
0 38 26.9258
0 39 22.3607
0 40 14.1421
0 41 36.2353
0 42 36.0694
0 43 31.8904
0 44 20.6155
0 45 14.1421
0 46 11.1803
0 47 26.9258
0 48 20.6155
0 49 28.0713
0 50 29.6816
0 51 11.0454
0 52 14.1421
0 53 22.6716
0 54 27.0185
0 55 42.4264
0 56 37.1618
0 57 28.178
0 58 20
0 59 38.4187
0 60 43.2666
0 61 34.2345
0 62 22.3607
0 63 22.3607
0 64 43.0116
0 65 31.6228
0 66 36.2353
0 67 5.38516
0 68 7.28011
0 69 37.3631
0 70 41.2311
0 71 39.8246
0 72 20.6155
0 73 20.6155
0 74 20
0 75 3
1 0 25.4558
1 1 0
1 2 14.5602
1 3 23.0217
1 4 26.4197
1 5 33.0606
1 6 16.2788
1 7 39.598
1 8 40.2244
1 9 37.2156
1 10 47.5395
1 11 54.2033
1 12 31.7805
1 13 42.0595
1 14 53.1507
1 15 40.05
1 16 14.0357
1 17 24.5967
1 18 36.4006
1 19 47.7074
1 20 44.7214
1 21 23.7697
1 22 9.84886
1 23 12.53
1 24 25.807
1 25 42.2966
1 26 30.6105
1 27 35.1141
1 28 14.3178
1 29 30.2655
1 30 21.3776
1 31 54.7449
1 32 31
1 33 8.06226
1 34 33.2866
1 35 43.2782
1 36 34.176
1 37 38.6394
1 38 50.6063
1 39 38.833
1 40 29.1204
1 41 11.1803
1 42 10.6301
1 43 6.7082
1 44 26.0192
1 45 29.1204
1 46 35.2278
1 47 28.8617
1 48 26.0192
1 49 18.868
1 50 34.7131
1 51 18.3848
1 52 35.7771
1 53 48.1041
1 54 48.8467
1 55 49.4773
1 56 16.2788
1 57 43.2897
1 58 42.0476
1 59 63.7809
1 60 45.6946
1 61 21.2603
1 62 8.24621
1 63 8.24621
1 64 18.3848
1 65 55.5698
1 66 61.0328
1 67 30.4795
1 68 19.4165
1 69 33.2866
1 70 46.1736
1 71 40.7185
1 72 40.1622
1 73 5.38516
1 74 18.1108
1 75 23.4307
2 0 14.5602
2 1 14.5602
2 2 0
2 3 24.2074
2 4 12.7279
2 5 19.9249
2 6 8.544
2 7 27.7849
2 8 26.8701
2 9 34.4819
2 10 40.1995
2 11 43.382
2 12 25.02
2 13 27.5136
2 14 40.4599
2 15 26.0768
2 16 18.0278
2 17 18.2483
2 18 40.3609
2 19 34.0588
2 20 32.311
2 21 15.2643
2 22 16.4012
2 23 25.0799
2 24 33.6155
2 25 42.4853
2 26 20.6155
2 27 20.6155
2 28 10.0499
2 29 16
2 30 7
2 31 50.2494
2 32 30.4138
2 33 10.4403
2 34 19.799
2 35 30.6105
2 36 24.0832
2 37 26.4008
2 38 41.4849
2 39 34.5254
2 40 24.7386
2 41 25.632
2 42 24.1868
2 43 21.1896
2 44 26.6271
2 45 14.5602
2 46 21.9317
2 47 17.8045
2 48 13
2 49 26.8328
2 50 36.6197
2 51 14.7648
2 52 21.6333
2 53 36.3593
2 54 34.4384
2 55 51.1077
2 56 30.0167
2 57 29.0172
2 58 34.2345
2 59 50.9902
2 60 35.609
2 61 20
2 62 8.48528
2 63 16.4924
2 64 29.6985
2 65 46.1736
2 66 50.5668
2 67 18.3576
2 68 7.28011
2 69 26.0768
2 70 34.9857
2 71 31.1448
2 72 34.0147
2 73 9.21954
2 74 7.2111
2 75 11.7047
3 0 19.6469
3 1 23.0217
3 2 24.2074
3 3 0
3 4 26
3 5 42.2019
3 6 16.2788
3 7 29.4279
3 8 34
3 9 14.8661
3 10 28.3196
3 11 39.4462
3 12 15.2315
3 13 42.2019
3 14 42.72
3 15 46.0652
3 16 9
3 17 12.0416
3 18 16.2788
3 19 41.1096
3 20 54.6443
3 21 39.4081
3 22 32.3883
3 23 19.7231
3 24 14.1421
3 25 19.4165
3 26 20.025
3 27 35.7351
3 28 32.2025
3 29 36.3593
3 30 29.0689
3 31 32.573
3 32 8.06226
3 33 16.7631
3 34 29.4279
3 35 34.3657
3 36 48.1041
3 37 49.2037
3 38 33.4216
3 39 17.4929
3 40 10.2956
3 41 29.4109
3 42 31.5753
3 43 26.4764
3 44 3
3 45 32.6497
3 46 30.1496
3 47 41.7253
3 48 36.1248
3 49 11.4018
3 50 12.53
3 51 10
3 52 33.7343
3 53 36.0555
3 54 46.1736
3 55 27.313
3 56 25
3 57 47.5395
3 58 24.2074
3 59 52.5547
3 60 59.4138
3 61 41.7852
3 62 26.5707
3 63 15.0333
3 64 40.4475
3 65 38.2884
3 66 45
3 67 24.1868
3 68 20.8087
3 69 50.2195
3 70 58.258
3 71 55.1725
3 72 20.5183
3 73 21.8403
3 74 31.4006
3 75 20.6155
4 0 7.07107
4 1 26.4197
4 2 12.7279
4 3 26
4 4 0
4 5 18.0278
4 6 12.0416
4 7 15.8114
4 8 14.1421
4 9 30.6105
4 10 31.4006
4 11 31.6228
4 12 18.868
4 13 17
4 14 27.8029
4 15 20.2485
4 16 24.0208
4 17 15
4 18 41.6773
4 19 21.4009
4 20 29.6985
4 21 22.0227
4 22 29.0689
4 23 34.7131
4 24 38.833
4 25 40.3113
4 26 11.7047
4 27 10.0499
4 28 21.4709
4 29 11.4018
4 30 9.21954
4 31 43.3244
4 32 29.2062
4 33 19.9249
4 34 7.07107
4 35 18.0278
4 36 26.5707
4 37 25
4 38 31.0644
4 39 29.1548
4 40 21.2132
4 41 37.5899
4 42 36.6197
4 43 33.121
4 44 27.2947
4 45 7.07107
4 46 9.21954
4 47 20.6155
4 48 14.3178
4 49 33.1361
4 50 36.6197
4 51 16.4924
4 52 9.48683
4 53 24.1661
4 54 22.8035
4 55 49.4975
4 56 40.2616
4 57 21.5407
4 58 25.4951
4 59 38.2884
4 60 36.3593
4 61 30.3645
4 62 21.2132
4 63 25.4951
4 64 42.4264
4 65 35.3553
4 66 38.8973
4 67 7
4 68 7.28011
4 69 31.4006
4 70 34.2053
4 71 33.1059
4 72 26.9258
4 73 21.095
4 74 15.8114
4 75 5.38516
5 0 25
5 1 33.0606
5 2 19.9249
5 3 42.2019
5 4 18.0278
5 5 0
5 6 26.0768
5 7 30.4138
5 8 25
5 9 48.6004
5 10 48.3839
5 11 45
5 12 36.8917
5 13 16.5529
5 14 37.6563
5 15 8.06226
5 16 37.5766
5 17 32.5576
5 18 58.4123
5 19 28.8617
5 20 12.53
5 21 13.0384
5 22 29.8329
5 23 44.7214
5 24 53.2259
5 25 58.1378
5 26 29.5296
5 27 14
5 28 20.3961
5 29 6.7082
5 30 13.4164
5 31 60.9262
5 32 46.669
5 33 30.3645
5 34 20.6155
5 35 30
5 36 10.0499
5 37 7.07107
5 38 46.6905
5 39 47.1699
5 40 39.0512
5 41 43.1045
5 42 40.4475
5 43 39.0128
5 44 44.0454
5 45 11.1803
5 46 22.3607
5 47 7.07107
5 48 7.07107
5 49 46.6154
5 50 53.8145
5 51 32.2025
5 52 18.0278
5 53 37
5 54 24.1868
5 55 67.2681
5 56 49.2544
5 57 12.2066
5 58 42.72
5 59 46.4866
5 60 18.3576
5 61 23.6008
5 62 25
5 63 36.4006
5 64 42.72
5 65 50.2494
5 66 52.0384
5 67 24.1661
5 68 21.4009
5 69 16.7631
5 70 16.2788
5 71 15.5242
5 72 44.7214
5 73 28.2843
5 74 15
5 75 22.6716
6 0 9.21954
6 1 16.2788
6 2 8.544
6 3 16.2788
6 4 12.0416
6 5 26.0768
6 6 0
6 7 23.3452
6 8 24.5967
6 9 25.9615
6 10 32.7567
6 11 38.0132
6 12 17.1172
6 13 29.0172
6 14 37.0135
6 15 30.6757
6 16 12.1655
6 17 10
6 18 32.5576
6 19 32.2025
6 20 38.5876
6 21 23.7065
6 22 22.1359
6 23 22.8035
6 24 27.5136
6 25 34
6 26 14.4222
6 27 22
6 28 18.1108
6 29 20.6155
6 30 12.8062
6 31 42.0476
6 32 21.9545
6 33 8.60233
6 34 18.0278
6 35 27.2029
6 36 31.8904
6 37 33.0151
6 38 34.9285
6 39 26.1725
6 40 16.2788
6 41 27.0185
6 42 26.9072
6 43 22.6716
6 44 18.4391
6 45 17.4642
6 46 19.6977
6 47 25.4951
6 48 19.8494
6 49 21.3776
6 50 28.4253
6 51 6.40312
6 52 21.3776
6 53 31.8277
6 54 34.7131
6 55 42.72
6 56 28.4605
6 57 32.7567
6 58 26.9258
6 59 47.634
6 60 43.1393
6 61 28.1603
6 62 14.3178
6 63 13.6015
6 64 34.1321
6 65 39.8121
6 66 44.9444
6 67 14.4222
6 68 5.09902
6 69 34.4819
6 70 42.0119
6 71 38.9487
6 72 26.0768
6 73 11.6619
6 74 15.6525
6 75 7.61577
7 0 14.1421
7 1 39.598
7 2 27.7849
7 3 29.4279
7 4 15.8114
7 5 30.4138
7 6 23.3452
7 7 0
7 8 7.07107
7 9 25.632
7 10 18.868
7 11 15.8114
7 12 15.0333
7 13 19.2094
7 14 13.8924
7 15 28.6356
7 16 32.2025
7 17 18.0278
7 18 41.4367
7 19 12.1655
7 20 39.3954
7 21 37.4833
7 22 44.1022
7 23 44.7772
7 24 43.566
7 25 35.8469
7 26 9.84886
7 27 16.7631
7 28 37.1618
7 29 24.0832
7 30 25
7 31 32.2025
7 32 28.1603
7 33 31.8904
7 34 10
7 35 5
7 36 40.1995
7 37 36.4006
7 38 16.2788
7 39 22.3607
7 40 20
7 41 50.3289
7 42 50.2096
7 43 46.0109
7 44 29.0689
7 45 20
7 46 8.06226
7 47 35
7 48 29.0689
7 49 39.8497
7 50 35.5106
7 51 23.7065
7 52 12.6491
7 53 8.60233
7 54 19.2354
7 55 44.7214
7 56 50.6063
7 57 27.4591
7 58 14.1421
7 59 24.4131
7 60 48.0833
7 61 46.1736
7 62 36.0555
7 63 36.0555
7 64 57.0088
7 65 20
7 66 23.0868
7 67 9.43398
7 68 20.8087
7 69 46
7 70 44.9444
7 71 45.8912
7 72 18.0278
7 73 34.7131
7 74 31.6228
7 75 16.4012
8 0 15.8114
8 1 40.2244
8 2 26.8701
8 3 34
8 4 14.1421
8 5 25
8 6 24.5967
8 7 7.07107
8 8 0
8 9 32.2025
8 10 25.807
8 11 20
8 12 20.8806
8 13 12.2066
8 14 13.8924
8 15 22.1359
8 16 35.171
8 17 22.0227
8 18 47.2969
8 19 7.61577
8 20 32.8938
8 21 33.8378
8 22 43.1856
8 23 47.1699
8 24 48.0416
8 25 42.4853
8 26 14.0357
8 27 11
8 28 35.2278
8 29 19.2354
8 30 22.4722
8 31 39.2046
8 32 33.9559
8 33 33.121
8 34 7.07107
8 35 5
8 36 35.0143
8 37 30.4138
8 38 22.4722
8 39 29.1548
8 40 25.4951
8 41 51.3128
8 42 50.6063
8 43 46.8722
8 44 34.1321
8 45 15.8114
8 46 5
8 47 30.4138
8 48 25
8 49 43.566
8 50 41.4849
8 51 26.6833
8 52 7.07107
8 53 12
8 54 12.6491
8 55 51.4781
8 56 52.9245
8 57 20.5913
8 58 21.2132
8 59 24.2074
8 60 41.9762
8 61 43.382
8 62 35.3553
8 63 38.0789
8 64 56.5685
8 65 25.4951
8 66 27.074
8 67 10.4403
8 68 20.8087
8 69 41.3038
8 70 38.6005
8 71 40.1995
8 72 25
8 73 35
8 74 29.1548
8 75 17
9 0 23.6008
9 1 37.2156
9 2 34.4819
9 3 14.8661
9 4 30.6105
9 5 48.6004
9 6 25.9615
9 7 25.632
9 8 32.2025
9 9 0
9 10 15.6525
9 11 29.6142
9 12 12.0416
9 13 43.2666
9 14 36.0555
9 15 50.2096
9 16 23.5372
9 17 16.5529
9 18 17.2627
9 19 37.6431
9 20 60.208
9 21 49.3964
9 22 46
9 23 34.4384
9 24 24.8395
9 25 10.2956
9 26 19.8494
9 27 38.2884
9 28 43.9318
9 29 42.0119
9 30 37.1214
9 31 17.72
9 32 7.2111
9 33 30
9 34 30.6105
9 35 30.3645
9 36 56.4358
9 37 55.6058
9 38 22.1359
9 39 4.12311
9 40 9.84886
9 41 44.2719
9 42 46.3249
9 43 41.2311
9 44 12.083
9 45 37.6431
9 46 30.2324
9 47 50.1199
9 48 43.909
9 49 25.2389
9 50 11.4018
9 51 20.2237
9 52 35
9 53 29.0689
9 54 44.7772
9 55 19.4165
9 56 39.4462
9 57 50.448
9 58 14.0357
9 59 44.2832
9 60 66.8506
9 61 53.9351
9 62 39.2046
9 63 29.6142
9 64 55.109
9 65 26.4008
9 66 33.6155
9 67 25.4951
9 68 28.6356
9 69 60.0083
9 70 64.8151
9 71 63.2851
9 72 9.05539
9 73 35.0143
9 74 41.4367
9 75 26.0768
10 0 26
10 1 47.5395
10 2 40.1995
10 3 28.3196
10 4 31.4006
10 5 48.3839
10 6 32.7567
10 7 18.868
10 8 25.807
10 9 15.6525
10 10 0
10 11 15.0333
10 12 15.8114
10 13 38.0132
10 14 23.7697
10 15 47.4131
10 16 35.5106
10 17 23.0868
10 18 32.573
10 19 28.4253
10 20 58.1378
10 21 53.1507
10 22 54.8179
10 23 47.8017
10 24 40.2244
10 25 23.0868
10 26 20.025
10 27 35.3412
10 28 50.2494
10 29 41.7612
10 30 40.1123
10 31 13.4536
10 32 22.2036
10 33 39.5601
10 34 27.8568
10 35 21.9317
10 36 57.7235
10 37 54.7814
10 38 7
10 39 11.6619
10 40 18.868
10 41 56.4358
10 42 57.6975
10 43 52.7731
10 44 26.1725
10 45 37.3631
10 46 26.4008
10 47 51.9711
10 48 45.7056
10 49 39.598
10 50 26.9258
10 51 29.1548
10 52 31.305
10 53 17.4929
10 54 36.7967
10 55 30.2655
10 56 53.2635
10 57 46.3249
10 58 6
10 59 30.0666
10 60 66.4831
10 61 60.1332
10 62 47.0744
10 63 41.1825
10 64 65.9242
10 65 10.7703
10 66 18.0278
10 67 24.5153
10 68 33.0606
10 69 62.8013
10 70 63.561
10 71 63.8905
10 72 7.81025
10 73 43.9659
10 74 46
10 75 29
11 0 29.1548
11 1 54.2033
11 2 43.382
11 3 39.4462
11 4 31.6228
11 5 45
11 6 38.0132
11 7 15.8114
11 8 20
11 9 29.6142
11 10 15.0333
11 11 0
11 12 24.4131
11 13 30.8058
11 14 10.6301
11 15 41.5933
11 16 44.6878
11 17 30.4138
11 18 46.8722
11 19 18.3848
11 20 52.1728
11 21 53.1507
11 22 59.5399
11 23 57.4891
11 24 52.8015
11 25 38.0132
11 26 23.6008
11 27 31
11 28 52.9245
11 29 39.1152
11 30 40.8044
11 31 26.4008
11 32 35.1141
11 33 46.2277
11 34 25.4951
11 35 15
11 36 55.0091
11 37 50.2494
11 38 8.06226
11 39 25.4951
11 40 29.1548
11 41 64.4438
11 42 64.8151
11 43 60.3075
11 44 38.0132
11 45 35.3553
11 46 23.3452
11 47 50.2494
11 48 44.5533
11 49 50.774
11 50 41
11 51 36.7696
11 52 27.0185
11 53 8
11 54 26.8328
11 55 45.2769
11 56 63.2535
11 57 39.2938
11 58 15.8114
11 59 15.0333
11 60 61.6604
11 61 61.9839
11 62 51.4781
11 63 49.4975
11 64 72.111
11 65 7.07107
11 66 7.28011
11 67 25.0799
11 68 36.2353
11 69 61.2046
11 70 58.0517
11 71 60.1332
11 72 20.6155
11 73 49.6488
11 74 47.4342
11 75 31.7648
12 0 12.083
12 1 31.7805
12 2 25.02
12 3 15.2315
12 4 18.868
12 5 36.8917
12 6 17.1172
12 7 15.0333
12 8 20.8806
12 9 12.0416
12 10 15.8114
12 11 24.4131
12 12 0
12 13 31.3847
12 14 27.6586
12 15 38.1838
12 16 20.5183
12 17 7.28011
12 18 26.4764
12 19 27.1662
12 20 48.2701
12 21 39.0512
12 22 39.0512
12 23 33.2415
12 24 29.1204
12 25 22.2036
12 26 7.81025
12 27 26.2488
12 28 35
12 29 30.2324
12 30 26.2488
12 31 25.318
12 32 13.1529
12 33 23.7697
12 34 18.6011
12 35 20.025
12 36 45.1885
12 37 43.8292
12 38 19.2094
12 39 10.2956
12 40 5.09902
12 41 41.0488
12 42 42.0595
12 43 37.2156
12 44 14.3178
12 45 25.807
12 46 18.3576
12 47 39
12 48 32.6956
12 49 26.4197
12 50 20.6155
12 51 13.4164
12 52 23.0217
12 53 20.8806
12 54 33.5261
12 55 31.4006
12 56 38.9487
12 57 38.4187
12 58 10.2956
12 59 37.3363
12 60 55.2268
12 61 45.0111
12 62 31.4006
12 63 25.807
12 64 50.1597
12 65 24.2074
12 66 30.4138
12 67 13.4536
12 68 18.2483
12 69 49.3356
12 70 53.0094
12 71 51.8845
12 72 9
12 73 28.1603
12 74 31.4006
12 75 14.8661
13 0 22.561
13 1 42.0595
13 2 27.5136
13 3 42.2019
13 4 17
13 5 16.5529
13 6 29.0172
13 7 19.2094
13 8 12.2066
13 9 43.2666
13 10 38.0132
13 11 30.8058
13 12 31.3847
13 13 0
13 14 22
13 15 11
13 16 41.0122
13 17 30.3645
13 18 57.0088
13 19 13
13 20 21.3776
13 21 28.4253
13 22 42.19
13 23 51.4781
13 24 55.5788
13 25 53.535
13 26 23.7065
13 27 7.07107
13 28 33.0151
13 29 13.4536
13 30 21.0238
13 31 51.4004
13 32 43.8634
13 33 36.4966
13 34 13
13 35 16.5529
13 36 26.2488
13 37 20.0998
13 38 34.4384
13 39 40.6079
13 40 35.3412
13 41 53.1413
13 42 51.4781
13 43 48.7032
13 44 43.0116
13 45 13
13 46 13.0384
13 47 23.3238
13 48 19.799
13 49 50.0899
13 50 51.4781
13 51 33.2415
13 52 8.544
13 53 23.0868
13 54 7.81025
13 55 62.6817
13 56 56.8858
13 57 8.544
13 58 33.3017
13 59 30.0832
13 60 31.0644
13 61 38.9487
13 62 35.3412
13 63 42.2966
13 64 55.7584
13 65 37
13 66 37.3363
13 67 18.3848
13 68 24.0832
13 69 33.2415
13 70 27.2947
13 71 30.1496
13 72 36.7967
13 73 36.6879
13 74 26.6271
13 75 22.0907
14 0 27.8029
14 1 53.1507
14 2 40.4599
14 3 42.72
14 4 27.8029
14 5 37.6563
14 6 37.0135
14 7 13.8924
14 8 13.8924
14 9 36.0555
14 10 23.7697
14 11 10.6301
14 12 27.6586
14 13 22
14 14 0
14 15 33
14 16 46.0652
14 17 31.7805
14 18 53.0094
14 19 9
14 20 43.1856
14 21 47.5395
14 22 56.8507
14 23 58.6686
14 24 56.7539
14 25 45.5412
14 26 23.7065
14 27 24.0416
14 28 49.0918
14 29 32.573
14 30 36.3593
14 31 36.3593
14 32 40.1995
14 33 45.607
14 34 20.8087
14 35 9.8995
14 36 47.676
14 37 42.0476
14 38 17.4929
14 39 32.1403
14 40 32.7567
14 41 64.0312
14 42 63.7024
14 43 59.6657
14 44 41.9762
14 45 29.5466
14 46 18.6011
14 47 43.6807
14 48 38.6264
14 49 53.4883
14 50 47.0106
14 51 37.5899
14 52 20.6155
14 53 7
14 54 16.7631
14 55 53.6004
14 56 64.4981
14 57 30.1496
14 58 22.2036
14 59 10.6301
14 60 53.0377
14 61 57.2451
14 62 48.9183
14 63 49.93
14 64 70.0928
14 65 17.6918
14 66 15.8114
14 67 22.6716
14 68 33.9411
14 69 54.3415
14 70 49.163
14 71 52.0865
14 72 27.1662
14 73 48.1041
14 74 43.0465
14 75 29.7321
15 0 27.2029
15 1 40.05
15 2 26.0768
15 3 46.0652
15 4 20.2485
15 5 8.06226
15 6 30.6757
15 7 28.6356
15 8 22.1359
15 9 50.2096
15 10 47.4131
15 11 41.5933
15 12 38.1838
15 13 11
15 14 33
15 15 0
15 16 42.72
15 17 35.2278
15 18 61.9112
15 19 24
15 20 10.7703
15 21 21.095
15 22 37.6431
15 23 51.1566
15 24 58.1893
15 25 60.208
15 26 30.4138
15 27 12.2066
15 28 28.1603
15 29 10.198
15 30 19.105
15 31 60.5392
15 32 49.4065
15 33 36.3456
15 34 20
15 35 26.9258
15 36 16.1245
15 37 9.21954
15 38 44.5982
15 39 48.1664
15 40 41.2311
15 41 50.4876
15 42 48.0521
15 43 46.2709
15 44 47.5079
15 45 13.4164
15 46 21.095
15 47 15
15 48 14.3178
15 49 51.923
15 50 56.8595
15 51 36.2491
15 52 16.1245
15 53 33.7343
15 54 17.72
15 55 69.4262
15 56 56.0089
15 57 4.24264
15 58 42.19
15 59 40.7922
15 60 20.0998
15 61 31.6228
15 62 32.249
15 63 42.4264
15 64 50.6952
15 65 47.5395
15 66 48.2597
15 67 24.7588
15 68 25.632
15 69 23.3238
15 70 16.4924
15 71 19.2354
15 72 45
15 73 35
15 74 22.3607
15 75 25.5539
16 0 19.4165
16 1 14.0357
16 2 18.0278
16 3 9
16 4 24.0208
16 5 37.5766
16 6 12.1655
16 7 32.2025
16 8 35.171
16 9 23.5372
16 10 35.5106
16 11 44.6878
16 12 20.5183
16 13 41.0122
16 14 46.0652
16 15 42.72
16 16 0
16 17 14.4222
16 18 23.3238
16 19 42.72
16 20 50.0899
16 21 32.5269
16 22 23.5372
16 23 12.8062
16 24 15.6525
16 25 28.2843
16 26 22.3607
16 27 34.0588
16 28 24.4131
16 29 32.573
16 30 24.1661
16 31 41.2311
16 32 17.0294
16 33 8.60233
16 34 29.2746
16 35 36.7696
16 36 42.0119
16 37 44.2945
16 38 39.6989
16 39 25.632
16 40 16.6433
16 41 21.0238
16 42 22.8035
16 43 17.72
16 44 12
16 45 29.6142
16 46 30.5941
16 47 35.805
16 48 30.8869
16 49 9.21954
16 50 20.8806
16 51 8.544
16 52 33.0606
16 53 39.9625
16 54 46.2709
16 55 35.7351
16 56 18.6011
16 57 44.911
16 58 30.6105
16 59 56.4358
16 60 53.6004
16 61 33.541
16 62 18.3576
16 63 6.08276
16 64 31.5753
16 65 44.6878
16 66 50.9117
16 67 24.7386
16 68 17.2627
16 69 43.1856
16 70 53
16 71 49.0408
16 72 27.7849
16 73 13.4164
16 74 24.8395
16 75 19.0263
17 0 8.06226
17 1 24.5967
17 2 18.2483
17 3 12.0416
17 4 15
17 5 32.5576
17 6 10
17 7 18.0278
17 8 22.0227
17 9 16.5529
17 10 23.0868
17 11 30.4138
17 12 7.28011
17 13 30.3645
17 14 31.7805
17 15 35.2278
17 16 14.4222
17 17 0
17 18 26.8328
17 19 29.2746
17 20 44.5982
17 21 32.8938
17 22 31.7805
17 23 27.2029
17 24 26.0192
17 25 25.6125
17 26 8.24621
17 27 24.1661
17 28 28.0713
17 29 26.1725
17 30 20.5913
17 31 32.0624
17 32 14.2127
17 33 16.5529
17 34 17.4642
17 35 22.8035
17 36 39.9625
17 37 39.6232
17 38 26.0768
17 39 16.2788
17 40 6.7082
17 41 34.2053
17 42 34.9857
17 43 30.2324
17 44 12.6491
17 45 22.0227
17 46 18.1108
17 47 33.6155
17 48 27.4591
17 49 21.8403
17 50 21.6333
17 51 6.40312
17 52 21.8403
17 53 25.5539
17 54 34.1321
17 55 34.7131
17 56 33.0151
17 57 36.2353
17 58 17.4642
17 59 42.0595
17 60 50.6063
17 61 38.1182
17 62 24.1868
17 63 19.105
17 64 42.9535
17 65 31.0644
17 66 36.8782
17 67 12.1655
17 68 12.083
17 69 43.4626
17 70 48.8365
17 71 46.8722
17 72 16.1245
17 73 20.8806
17 74 25
17 75 9.8995
18 0 34.8855
18 1 36.4006
18 2 40.3609
18 3 16.2788
18 4 41.6773
18 5 58.4123
18 6 32.5576
18 7 41.4367
18 8 47.2969
18 9 17.2627
18 10 32.573
18 11 46.8722
18 12 26.4764
18 13 57.0088
18 14 53.0094
18 15 61.9112
18 16 23.3238
18 17 26.8328
18 18 0
18 19 53.6004
18 20 70.8025
18 21 55.4437
18 22 46.2385
18 23 28.0713
18 24 13.1529
18 25 11.3137
18 26 33.5261
18 27 50.9902
18 28 47.7074
18 29 52.4309
18 30 45.3431
18 31 29.7321
18 32 13.3417
18 33 31.9061
18 34 44.0114
18 35 46.3897
18 36 64.3506
18 37 65.437
18 38 39.2938
18 39 21.3776
18 40 21.8403
18 41 39.1152
18 42 42.4264
18 43 37.6563
18 44 14.4222
18 45 48.5489
18 46 44.2719
18 47 57.9828
18 48 52.4023
18 49 18.2483
18 50 6
18 51 26.2488
18 52 48.4665
18 53 46.0109
18 54 59.9083
18 55 14.0357
18 56 31.1448
18 57 63.0635
18 58 31.257
18 59 61.5224
18 60 75.6902
18 61 56.8243
18 62 41.6773
18 63 28.2312
18 64 51.3517
18 65 43.3244
18 66 50.5964
18 67 38.6264
18 68 37.0135
18 69 66.2193
18 70 74.5185
18 71 71.4213
18 72 26.3059
18 73 36.7151
18 74 47.5079
18 75 36.3593
19 0 23.4094
19 1 47.7074
19 2 34.0588
19 3 41.1096
19 4 21.4009
19 5 28.8617
19 6 32.2025
19 7 12.1655
19 8 7.61577
19 9 37.6431
19 10 28.4253
19 11 18.3848
19 12 27.1662
19 13 13
19 14 9
19 15 24
19 16 42.72
19 17 29.2746
19 18 53.6004
19 19 0
19 20 34.2345
19 21 39.3573
19 22 50.2096
19 23 54.7814
19 24 55.2268
19 25 47.7598
19 26 21.095
19 27 15.6525
19 28 41.8688
19 29 24.1661
19 30 29.0689
19 31 41.7732
19 32 40.3113
19 33 40.7063
19 34 14.4222
19 35 7.28011
19 36 38.833
19 37 33.0606
19 38 23.4307
19 39 34.176
19 40 32.0624
19 41 58.8303
19 42 58.0086
19 43 54.3783
19 44 41
19 45 21.6333
19 46 12.53
19 47 35.1141
19 48 30.4138
19 49 50.9902
19 50 47.676
19 51 34.2053
19 52 12.8062
19 53 11.4018
19 54 8.60233
19 55 56.4624
19 56 60.5392
19 57 21.2132
19 58 25.0599
19 59 17.8885
19 60 44.0454
19 61 49.3964
19 62 42.5206
19 63 45.6946
19 64 63.7024
19 65 25.0599
19 66 24.5153
19 67 18.0278
19 68 28.3019
19 69 45.607
19 70 40.1995
19 71 43.1045
19 72 29.5466
19 73 42.4382
19 74 35.609
19 75 24.5967
20 0 36.7696
20 1 44.7214
20 2 32.311
20 3 54.6443
20 4 29.6985
20 5 12.53
20 6 38.5876
20 7 39.3954
20 8 32.8938
20 9 60.208
20 10 58.1378
20 11 52.1728
20 12 48.2701
20 13 21.3776
20 14 43.1856
20 15 10.7703
20 16 50.0899
20 17 44.5982
20 18 70.8025
20 19 34.2345
20 20 0
20 21 22.0227
20 22 40.0125
20 23 56.7539
20 24 65.7419
20 25 70.0071
20 26 40.6079
20 27 22.8254
20 28 31.0644
20 29 18.4391
20 30 25.9422
20 31 71.1969
20 32 58.7963
20 33 42.72
20 34 30.5287
20 35 37.6431
20 36 12.6491
20 37 6.08276
20 38 55.3624
20 39 58.4123
20 40 50.9117
20 41 54.0833
20 42 51
20 43 50.2494
20 44 56.4004
20 45 22.6274
20 46 31.7648
20 47 16.0312
20 48 19.3132
20 49 59.0931
20 50 66.0681
20 51 44.6542
20 52 26.8328
20 53 44.3847
20 54 27.0185
20 55 79.196
20 56 61
20 57 13.0384
20 58 52.8394
20 59 50.1597
20 60 10.198
20 61 31.0483
20 62 36.4966
20 63 48.7032
20 64 51.788
20 65 58.2409
20 66 58.6941
20 67 35
20 68 33.8378
20 69 18.868
20 70 6
20 71 11.4018
20 72 55.4707
20 73 40.2616
20 74 26.6833
20 75 34.7131
21 0 27.2947
21 1 23.7697
21 2 15.2643
21 3 39.4081
21 4 22.0227
21 5 13.0384
21 6 23.7065
21 7 37.4833
21 8 33.8378
21 9 49.3964
21 10 53.1507
21 11 53.1507
21 12 39.0512
21 13 28.4253
21 14 47.5395
21 15 21.095
21 16 32.5269
21 17 32.8938
21 18 55.4437
21 19 39.3573
21 20 22.0227
21 21 0
21 22 18
21 23 36.2491
21 24 47.634
21 25 57.7062
21 26 33.1361
21 27 23.7065
21 28 9.48683
21 29 15.2643
21 30 13.0384
21 31 64.3273
21 32 45.6508
21 33 24.0832
21 34 27.6586
21 35 38.6005
21 36 10.4403
21 37 16.1245
21 38 53.0848
21 39 49.0408
21 40 39.5601
21 41 32.249
21 42 29.0172
21 43 28.6356
21 44 41.8808
21 45 18.0278
21 46 29.8329
21 47 6.32456
21 48 8.94427
21 49 40.6079
21 50 51.8652
21 51 30.0167
21 52 26.9258
21 53 45.3542
21 54 36.2353
21 55 66.3702
21 56 39.8497
21 57 25.2389
21 58 47.1699
21 59 57.2451
21 60 21.9317
21 61 10.6301
21 62 15.6525
21 63 29.4109
21 64 30.0832
21 65 57.3149
21 66 60.4152
21 67 29.0172
21 68 20.8806
21 69 10.8167
21 70 22.561
21 71 17
21 72 47.8539
21 73 20.2485
21 74 8.06226
21 75 24.3311
22 0 30.4138
22 1 9.84886
22 2 16.4012
22 3 32.3883
22 4 29.0689
22 5 29.8329
22 6 22.1359
22 7 44.1022
22 8 43.1856
22 9 46
22 10 54.8179
22 11 59.5399
22 12 39.0512
22 13 42.19
22 14 56.8507
22 15 37.6431
22 16 23.5372
22 17 31.7805
22 18 46.2385
22 19 50.2096
22 20 40.0125
22 21 18
22 22 0
22 23 21.2132
22 24 35.5106
22 25 51.788
22 26 36.2491
22 27 35.805
22 28 9.48683
22 29 29.0689
22 30 21.4009
22 31 63.1981
22 32 40.1995
22 33 16
22 34 36.1248
22 35 47.0106
22 36 28.1603
22 37 34.0588
22 38 57.0088
22 39 47.1699
22 40 37.2156
22 41 14.5602
22 42 11.0454
22 43 11.6619
22 44 35.3553
22 45 29.4109
22 46 38.2884
22 47 24.0832
22 48 23.4094
22 49 28.6531
22 50 44.3847
22 51 26.1725
22 52 37.5366
22 53 52.6973
22 54 49.6488
22 55 59.203
22 56 23.3238
22 57 41.4367
22 58 49.0408
22 59 67.3573
22 60 39.0512
22 61 12.2066
22 62 8.06226
22 63 18.0278
22 64 13.6015
22 65 61.8466
22 66 66.6483
22 67 34.6699
22 68 23.3238
22 69 25.632
22 70 40.3113
22 71 33.9559
22 72 47.8539
22 73 11.0454
22 74 15.6525
22 75 27.7849
23 0 31.3847
23 1 12.53
23 2 25.0799
23 3 19.7231
23 4 34.7131
23 5 44.7214
23 6 22.8035
23 7 44.7772
23 8 47.1699
23 9 34.4384
23 10 47.8017
23 11 57.4891
23 12 33.2415
23 13 51.4781
23 14 58.6686
23 15 51.1566
23 16 12.8062
23 17 27.2029
23 18 28.0713
23 19 54.7814
23 20 56.7539
23 21 36.2491
23 22 21.2132
23 23 0
23 24 15.5242
23 25 36.4966
23 26 34.9857
23 27 44.4072
23 28 26.8328
23 29 41.0488
23 30 32.0624
23 31 52
23 32 27.313
23 33 15.0333
23 34 40.8044
23 35 49.1935
23 36 46.6154
23 37 50.6952
23 38 52.345
23 39 37.2156
23 40 29.0689
23 41 11.0454
23 42 14.5602
23 43 10.2956
23 44 22.3607
23 45 39.0512
23 46 42.3792
23 47 41.1096
23 48 37.6563
23 49 10.0499
23 50 28.2843
23 51 21.095
23 52 44.1475
23 53 52.6973
23 54 57.4891
23 55 42.0119
23 56 5.83095
23 57 54.0093
23 58 43.1856
23 59 69.1158
23 60 58.1808
23 61 33.3017
23 62 20.6155
23 63 9.21954
23 64 23.3452
23 65 57.3149
23 66 63.6553
23 67 36.7696
23 68 27.4591
23 69 45.793
23 70 58.5235
23 71 53.2259
23 72 40
23 73 16.4924
23 74 30.0832
23 75 30.3645
24 0 33.1361
24 1 25.807
24 2 33.6155
24 3 14.1421
24 4 38.833
24 5 53.2259
24 6 27.5136
24 7 43.566
24 8 48.0416
24 9 24.8395
24 10 40.2244
24 11 52.8015
24 12 29.1204
24 13 55.5788
24 14 56.7539
24 15 58.1893
24 16 15.6525
24 17 26.0192
24 18 13.1529
24 19 55.2268
24 20 65.7419
24 21 47.634
24 22 35.5106
24 23 15.5242
24 24 0
24 25 23.2594
24 26 34.1321
24 27 48.8365
24 28 38.8973
24 29 48.1041
24 30 39.8121
24 31 40.8044
24 32 18.0278
24 33 23.6008
24 34 43.1045
24 35 48.5077
24 36 57.4282
24 37 59.9416
24 38 46.1411
24 39 28.6007
24 40 24.0416
24 41 26.4764
24 42 30.0832
24 43 25.632
24 44 14.8661
24 45 44.9222
24 46 44.0114
24 47 51.3128
24 48 46.5296
24 49 7.07107
24 50 15.2643
24 51 22.3607
24 52 47.2652
24 53 50
24 54 60.0333
24 55 27.1662
24 56 18.0278
24 57 60.1664
24 58 37.1214
24 59 66.4078
24 60 69.0652
24 61 47.0106
24 62 32.5269
24 63 18.3848
24 64 38.833
24 65 50.774
24 66 57.8014
24 67 38.0132
24 68 32.573
24 69 58.0517
24 70 68.6003
24 71 64.405
24 72 32.7567
24 73 27.5862
24 74 40.2244
24 75 33.541
25 0 33.2415
25 1 42.2966
25 2 42.4853
25 3 19.4165
25 4 40.3113
25 5 58.1378
25 6 34
25 7 35.8469
25 8 42.4853
25 9 10.2956
25 10 23.0868
25 11 38.0132
25 12 22.2036
25 13 53.535
25 14 45.5412
25 15 60.208
25 16 28.2843
25 17 25.6125
25 18 11.3137
25 19 47.7598
25 20 70.0071
25 21 57.7062
25 22 51.788
25 23 36.4966
25 24 23.2594
25 25 0
25 26 30
25 27 48.4149
25 28 51.264
25 29 51.6624
25 30 46.0435
25 31 18.4391
25 32 12.083
25 33 36.1386
25 34 40.8044
25 35 40.4969
25 36 65.4599
25 37 65.192
25 38 30.0666
25 39 13.6015
25 40 19.105
25 41 47.2652
25 42 50.04
25 43 45.0111
25 44 16.4924
25 45 47.3814
25 46 40.4969
25 47 59.0762
25 48 53.0094
25 49 26.4764
25 50 8.24621
25 51 27.7308
25 52 45.2217
25 53 38.6394
25 54 55.0364
25 55 9.21954
25 56 40.5216
25 57 60.6053
25 58 23.3452
25 59 53
25 60 76.2168
25 61 61.0328
25 62 45.8803
25 63 34.1321
25 64 59.0339
25 65 33.541
25 66 40.7922
25 67 35.609
25 68 37.4433
25 69 68.4763
25 70 74.411
25 71 72.4224
25 72 18.4391
25 73 41.2311
25 74 49.6488
25 75 35.4683
26 0 6.08276
26 1 30.6105
26 2 20.6155
26 3 20.025
26 4 11.7047
26 5 29.5296
26 6 14.4222
26 7 9.84886
26 8 14.0357
26 9 19.8494
26 10 20.025
26 11 23.6008
26 12 7.81025
26 13 23.7065
26 14 23.7065
26 15 30.4138
26 16 22.3607
26 17 8.24621
26 18 33.5261
26 19 21.095
26 20 40.6079
26 21 33.1361
26 22 36.2491
26 23 34.9857
26 24 34.1321
26 25 30
26 26 0
26 27 18.4391
26 28 30.5941
26 29 22.8254
26 30 20.0998
26 31 31.6228
26 32 20.2485
26 33 22.6716
26 34 10.8167
26 35 14.5602
26 36 38.2753
26 37 36.3593
26 38 20.8806
26 39 17.8045
26 40 11.7047
26 41 41.0122
26 42 41.2311
26 43 36.7967
26 44 20.0998
26 45 18.3576
26 46 10.7703
26 47 32.28
26 48 25.9615
26 49 30.0832
26 50 27.8568
26 51 13.8924
26 52 15.2643
26 53 17.8045
26 54 26.4764
26 55 39.2046
26 56 40.8167
26 57 30.6105
26 58 14.0357
26 59 34.1321
26 60 47.8853
26 61 40.3113
26 62 28.2312
26 63 26.4008
26 64 48.5489
26 65 25.632
26 66 30.5287
26 67 5.65685
26 68 13.3417
26 69 42.9535
26 70 45.4863
26 71 44.7772
26 72 15.2315
26 73 26.0768
26 74 26.0192
26 75 9.05539
27 0 16.1555
27 1 35.1141
27 2 20.6155
27 3 35.7351
27 4 10.0499
27 5 14
27 6 22
27 7 16.7631
27 8 11
27 9 38.2884
27 10 35.3412
27 11 31
27 12 26.2488
27 13 7.07107
27 14 24.0416
27 15 12.2066
27 16 34.0588
27 17 24.1661
27 18 50.9902
27 19 15.6525
27 20 22.8254
27 21 23.7065
27 22 35.805
27 23 44.4072
27 24 48.8365
27 25 48.4149
27 26 18.4391
27 27 0
27 28 26.9072
27 29 8.544
27 30 14.4222
27 31 48.3735
27 32 38.0789
27 33 29.4279
27 34 7.81025
27 35 16
27 36 24.0208
27 37 19.6469
27 38 32.9848
27 39 36.0694
27 40 29.6816
27 41 46.2385
27 42 44.7214
27 43 41.7852
27 44 36.7696
27 45 6.40312
27 46 8.94427
27 47 19.6469
27 48 14.7648
27 49 43.1856
27 50 45.6508
27 51 26.4764
27 52 4.12311
27 53 23
27 54 13.8924
27 55 57.6281
27 56 49.8197
27 57 12.2066
27 58 30.0167
27 59 33.541
27 60 31.3209
27 61 33.8378
27 62 28.6531
27 63 35.2278
27 64 49.4065
27 65 36.3456
27 66 38.0526
27 67 12.8062
27 68 17.0294
27 69 30.4138
27 70 28.2312
27 71 29.2746
27 72 32.8024
27 73 29.7321
27 74 20.5183
27 75 15.2971
28 0 24.5153
28 1 14.3178
28 2 10.0499
28 3 32.2025
28 4 21.4709
28 5 20.3961
28 6 18.1108
28 7 37.1618
28 8 35.2278
28 9 43.9318
28 10 50.2494
28 11 52.9245
28 12 35
28 13 33.0151
28 14 49.0918
28 15 28.1603
28 16 24.4131
28 17 28.0713
28 18 47.7074
28 19 41.8688
28 20 31.0644
28 21 9.48683
28 22 9.48683
28 23 26.8328
28 24 38.8973
28 25 51.264
28 26 30.5941
28 27 26.9072
28 28 0
28 29 19.7231
28 30 12.8062
28 31 60.1332
28 32 39.2173
28 33 15.8114
28 34 28.3019
28 35 39.4462
28 36 19.9249
28 37 25.02
28 38 51.4198
28 39 44.2832
28 40 34.3657
28 41 23.0217
28 42 20.0998
28 43 19.2354
28 44 34.9285
28 45 20.5183
28 46 30.5287
28 47 15.0333
28 48 13.9284
28 49 31.8277
28 50 44.7214
28 51 23.7697
28 52 29.0689
28 53 45.618
28 54 40.6079
28 55 59.5063
28 56 30.3645
28 57 31.9531
28 58 44.2832
28 59 59.4054
28 60 31.3847
28 61 10.0499
28 62 6.40312
28 63 20.5183
28 64 22.8254
28 65 56.0446
28 66 60.1664
28 67 27.8568
28 68 17.2627
28 69 19.2094
28 70 32.0156
28 71 26.4008
28 72 44
28 73 11.3137
28 74 6.40312
28 75 21.587
29 0 18.4391
29 1 30.2655
29 2 16
29 3 36.3593
29 4 11.4018
29 5 6.7082
29 6 20.6155
29 7 24.0832
29 8 19.2354
29 9 42.0119
29 10 41.7612
29 11 39.1152
29 12 30.2324
29 13 13.4536
29 14 32.573
29 15 10.198
29 16 32.573
29 17 26.1725
29 18 52.4309
29 19 24.1661
29 20 18.4391
29 21 15.2643
29 22 29.0689
29 23 41.0488
29 24 48.1041
29 25 51.6624
29 26 22.8254
29 27 8.544
29 28 19.7231
29 29 0
29 30 9
29 31 54.231
29 32 40.3609
29 33 26.1725
29 34 14.1421
29 35 24.1868
29 36 16.1245
29 37 13.6015
29 38 40.3113
29 39 40.4969
29 40 32.5576
29 41 41
29 42 38.8973
29 43 36.6742
29 44 38.0132
29 45 4.47214
29 46 16.0312
29 47 11.1803
29 48 6.40312
29 49 41.7612
29 50 47.634
29 51 26.4197
29 52 12.1655
29 53 31.1448
29 54 21.2132
29 55 60.8276
29 56 46.0109
29 57 13.0384
29 58 36.0555
29 59 42.0476
29 60 25.0599
29 61 25.6125
29 62 22.8035
29 63 32.249
29 64 42.5441
29 65 44.0454
29 66 46.2709
29 67 17.4642
29 68 15.6525
29 69 22.0907
29 70 22.8035
29 71 22.1359
29 72 38.0132
29 73 25.0799
29 74 13.4164
29 75 16.2788
30 0 14.3178
30 1 21.3776
30 2 7
30 3 29.0689
30 4 9.21954
30 5 13.4164
30 6 12.8062
30 7 25
30 8 22.4722
30 9 37.1214
30 10 40.1123
30 11 40.8044
30 12 26.2488
30 13 21.0238
30 14 36.3593
30 15 19.105
30 16 24.1661
30 17 20.5913
30 18 45.3431
30 19 29.0689
30 20 25.9422
30 21 13.0384
30 22 21.4009
30 23 32.0624
30 24 39.8121
30 25 46.0435
30 26 20.0998
30 27 14.4222
30 28 12.8062
30 29 9
30 30 0
30 31 51.4198
30 32 34.2053
30 33 17.2627
30 34 15.6525
30 35 26.8328
30 36 19.4165
30 37 20.2485
30 38 40.1995
30 39 36.4006
30 40 27.2947
30 41 32.28
30 42 30.4631
30 43 27.8927
30 44 31.1127
30 45 8.06226
30 46 17.8885
30 47 13.0384
30 48 7.07107
30 49 33.2415
30 50 41.0366
30 51 19.105
30 52 16.2788
30 53 33.2415
30 54 28.3019
30 55 55
30 56 37.0135
30 57 22.0227
30 58 34.1321
30 59 46.6154
30 60 30.4138
30 61 21.1896
30 62 14.3178
30 63 23.3452
30 64 35
30 65 44.5533
30 66 48.0833
30 67 16.1245
30 68 8.60233
30 69 23.0868
30 70 29.2062
30 71 26.4008
30 72 34.9285
30 73 16.1245
30 74 6.7082
30 75 11.4018
31 0 37.108
31 1 54.7449
31 2 50.2494
31 3 32.573
31 4 43.3244
31 5 60.9262
31 6 42.0476
31 7 32.2025
31 8 39.2046
31 9 17.72
31 10 13.4536
31 11 26.4008
31 12 25.318
31 13 51.4004
31 14 36.3593
31 15 60.5392
31 16 41.2311
31 17 32.0624
31 18 29.7321
31 19 41.7732
31 20 71.1969
31 21 64.3273
31 22 63.1981
31 23 52
31 24 40.8044
31 25 18.4391
31 26 31.6228
31 27 48.3735
31 28 60.1332
31 29 54.231
31 30 51.4198
31 31 0
31 32 24.6982
31 33 47.2652
31 34 40.7063
31 35 35.3836
31 36 69.8928
31 37 67.5426
31 38 18.868
31 39 16.0312
31 40 26.0192
31 41 61.9839
31 42 64.0312
31 43 58.9406
31 44 29.7321
31 45 49.7695
31 46 39.4462
31 47 63.8905
31 48 57.5674
31 49 42.4853
31 50 25.6125
31 51 37.054
31 52 44.4185
31 53 30.6105
31 54 50.2096
31 55 21.8403
31 56 56.7979
31 57 59.6406
31 58 18.3576
31 59 40.8044
31 60 79.2023
31 61 70.1783
31 62 56.0089
31 63 47.2969
31 64 72.7805
31 65 19.9249
31 66 26.3059
31 67 36.7696
31 68 43.566
31 69 74.4648
31 70 76.4788
31 71 76.3217
31 72 16.4924
31 73 52.1536
31 74 56.7186
31 75 40.025
32 0 22.2036
32 1 31
32 2 30.4138
32 3 8.06226
32 4 29.2062
32 5 46.669
32 6 21.9545
32 7 28.1603
32 8 33.9559
32 9 7.2111
32 10 22.2036
32 11 35.1141
32 12 13.1529
32 13 43.8634
32 14 40.1995
32 15 49.4065
32 16 17.0294
32 17 14.2127
32 18 13.3417
32 19 40.3113
32 20 58.7963
32 21 45.6508
32 22 40.1995
32 23 27.313
32 24 18.0278
32 25 12.083
32 26 20.2485
32 27 38.0789
32 28 39.2173
32 29 40.3609
32 30 34.2053
32 31 24.6982
32 32 0
32 33 24.3311
32 34 30.8707
32 35 33.1361
32 36 53.6004
32 37 53.7401
32 38 28.178
32 39 10.6301
32 40 8.544
32 41 37.3631
32 42 39.6232
32 43 34.5254
32 44 5.09902
32 45 36.2353
32 46 31.0161
32 47 47.2017
32 48 41.2311
32 49 18.0278
32 50 7.61577
32 51 15.6525
32 52 35.3412
32 53 33.2415
32 54 46.5725
32 55 20.8087
32 56 32.249
32 57 50.2494
32 58 19.3132
32 59 49.2443
32 60 64.5368
32 61 49.0408
32 62 33.9559
32 63 23.0868
32 64 48.5077
32 65 32.7567
32 66 39.8246
32 67 25.4951
32 68 25.6125
32 69 56.4358
32 70 62.9365
32 71 60.6053
32 72 14.7648
32 73 29.4279
32 74 37.5899
32 75 24.0832
33 0 17.8045
33 1 8.06226
33 2 10.4403
33 3 16.7631
33 4 19.9249
33 5 30.3645
33 6 8.60233
33 7 31.8904
33 8 33.121
33 9 30
33 10 39.5601
33 11 46.2277
33 12 23.7697
33 13 36.4966
33 14 45.607
33 15 36.3456
33 16 8.60233
33 17 16.5529
33 18 31.9061
33 19 40.7063
33 20 42.72
33 21 24.0832
33 22 16
33 23 15.0333
33 24 23.6008
33 25 36.1386
33 26 22.6716
33 27 29.4279
33 28 15.8114
33 29 26.1725
33 30 17.2627
33 31 47.2652
33 32 24.3311
33 33 0
33 34 26.4008
33 35 35.805
33 36 33.8378
33 37 36.7696
33 38 42.5441
33 39 31.257
33 40 21.3776
33 41 18.4391
33 42 18.6011
33 43 14.1421
33 44 19.6469
33 45 24.0208
33 46 28.178
33 47 27.7849
33 48 23.4094
33 49 16.6433
33 50 29.1548
33 51 10.4403
33 52 29.4109
33 53 40.3113
33 54 42.72
33 55 44.0114
33 56 20.3961
33 57 39.0512
33 58 34.0147
33 59 56.2228
33 60 45.4863
33 61 25.0799
33 62 9.84886
33 63 6.08276
33 64 26.4008
33 65 47.5079
33 66 53.0094
33 67 23.0217
33 68 12.6491
33 69 34.6554
33 70 45.1774
33 71 40.8044
33 72 32.28
33 73 5.09902
33 74 16.6433
33 75 16.1245
34 0 10
34 1 33.2866
34 2 19.799
34 3 29.4279
34 4 7.07107
34 5 20.6155
34 6 18.0278
34 7 10
34 8 7.07107
34 9 30.6105
34 10 27.8568
34 11 25.4951
34 12 18.6011
34 13 13
34 14 20.8087
34 15 20
34 16 29.2746
34 17 17.4642
34 18 44.0114
34 19 14.4222
34 20 30.5287
34 21 27.6586
34 22 36.1248
34 23 40.8044
34 24 43.1045
34 25 40.8044
34 26 10.8167
34 27 7.81025
34 28 28.3019
34 29 14.1421
34 30 15.6525
34 31 40.7063
34 32 30.8707
34 33 26.4008
34 34 0
34 35 11.1803
34 36 30.2655
34 37 26.9258
34 38 26.1725
34 39 28.2843
34 40 22.3607
34 41 44.4185
34 42 43.6005
34 43 39.9625
34 44 30.0832
34 45 10
34 46 2.23607
34 47 25
34 48 19.105
34 49 38.0526
34 50 38.4838
34 51 21.0238
34 52 4.47214
34 53 17.72
34 54 17.0294
34 55 50
34 56 46.4866
34 57 19.8494
34 58 22.3607
34 59 31.241
34 60 38.6264
34 61 36.7696
34 62 28.2843
34 63 31.6228
34 64 49.4975
34 65 30
34 66 32.7567
34 67 5.38516
34 68 13.8924
34 69 36
34 70 35.7771
34 71 36.1386
34 72 25
34 73 28.0179
34 74 22.3607
34 75 10.4403
35 0 18.0278
35 1 43.2782
35 2 30.6105
35 3 34.3657
35 4 18.0278
35 5 30
35 6 27.2029
35 7 5
35 8 5
35 9 30.3645
35 10 21.9317
35 11 15
35 12 20.025
35 13 16.5529
35 14 9.8995
35 15 26.9258
35 16 36.7696
35 17 22.8035
35 18 46.3897
35 19 7.28011
35 20 37.6431
35 21 38.6005
35 22 47.0106
35 23 49.1935
35 24 48.5077
35 25 40.4969
35 26 14.5602
35 27 16
35 28 39.4462
35 29 24.1868
35 30 26.8328
35 31 35.3836
35 32 33.1361
35 33 35.805
35 34 11.1803
35 35 0
35 36 40.0125
35 37 35.3553
35 38 17.8885
35 39 26.9258
35 40 25
35 41 54.2033
35 42 53.8145
35 43 49.8197
35 44 34.0588
35 45 20.6155
35 46 8.94427
35 47 35.3553
35 48 29.8329
35 49 44.643
35 50 40.4475
35 51 28.2312
35 52 12.0416
35 53 7
35 54 15
35 55 49.2443
35 56 55.0091
35 57 25.0799
35 58 18.0278
35 59 20.5183
35 60 46.8722
35 61 47.927
35 62 39.0512
35 63 40.3113
35 64 60.208
35 65 20.6155
35 66 22.0907
35 67 12.8062
35 68 24.0416
35 69 46.2709
35 70 43.4166
35 71 45.1774
35 72 22.3607
35 73 38.2099
35 74 33.541
35 75 19.8494
36 0 33.1059
36 1 34.176
36 2 24.0832
36 3 48.1041
36 4 26.5707
36 5 10.0499
36 6 31.8904
36 7 40.1995
36 8 35.0143
36 9 56.4358
36 10 57.7235
36 11 55.0091
36 12 45.1885
36 13 26.2488
36 14 47.676
36 15 16.1245
36 16 42.0119
36 17 39.9625
36 18 64.3506
36 19 38.833
36 20 12.6491
36 21 10.4403
36 22 28.1603
36 23 46.6154
36 24 57.4282
36 25 65.4599
36 26 38.2753
36 27 24.0208
36 28 19.9249
36 29 16.1245
36 30 19.4165
36 31 69.8928
36 32 53.6004
36 33 33.8378
36 34 30.2655
36 35 40.0125
36 36 0
36 37 7.81025
36 38 56.4358
36 39 55.4617
36 40 46.6476
36 41 42.5793
36 42 39.2046
36 43 39.0512
36 44 50.3289
36 45 20.3961
36 46 32.1403
36 47 6.40312
36 48 12.53
36 49 50.4777
36 50 60.3075
36 51 38.2884
36 52 28
36 53 47.0106
36 54 33.6155
36 55 74.4043
36 56 50.2892
36 57 20.2485
36 58 51.923
36 59 56.3205
36 60 11.6619
36 61 18.4391
36 62 26
36 63 39.4462
36 64 39.3192
36 65 60.1332
36 66 62.0725
36 67 33.2415
36 68 28.0179
36 69 7.2111
36 70 12.1655
36 71 7.07107
36 72 53.4883
36 73 30.4138
36 74 17.2047
36 75 30.4138
37 0 32.0156
37 1 38.6394
37 2 26.4008
37 3 49.2037
37 4 25
37 5 7.07107
37 6 33.0151
37 7 36.4006
37 8 30.4138
37 9 55.6058
37 10 54.7814
37 11 50.2494
37 12 43.8292
37 13 20.0998
37 14 42.0476
37 15 9.21954
37 16 44.2945
37 17 39.6232
37 18 65.437
37 19 33.0606
37 20 6.08276
37 21 16.1245
37 22 34.0588
37 23 50.6952
37 24 59.9416
37 25 65.192
37 26 36.3593
37 27 19.6469
37 28 25.02
37 29 13.6015
37 30 20.2485
37 31 67.5426
37 32 53.7401
37 33 36.7696
37 34 26.9258
37 35 35.3553
37 36 7.81025
37 37 0
37 38 52.6308
37 39 54.0833
37 40 46.0977
37 41 48.0416
37 42 45.0111
37 43 44.1814
37 44 51.0882
37 45 18.0278
37 46 28.4605
37 47 10
37 48 13.4164
37 49 53.2259
37 50 60.8769
37 51 39.2046
37 52 23.7697
37 53 42.2966
37 54 26.9258
37 55 74.3303
37 56 54.9181
37 57 13
37 58 49.2443
37 59 50.01
37 60 11.7047
37 61 25.632
37 62 30.4138
37 63 42.72
37 64 46.0977
37 65 55.9017
37 66 57.0789
37 67 30.8869
37 68 28.4253
37 69 14.8661
37 70 9.21954
37 71 10.0499
37 72 51.4781
37 73 34.2053
37 74 20.6155
37 75 29.7321
38 0 26.9258
38 1 50.6063
38 2 41.4849
38 3 33.4216
38 4 31.0644
38 5 46.6905
38 6 34.9285
38 7 16.2788
38 8 22.4722
38 9 22.1359
38 10 7
38 11 8.06226
38 12 19.2094
38 13 34.4384
38 14 17.4929
38 15 44.5982
38 16 39.6989
38 17 26.0768
38 18 39.2938
38 19 23.4307
38 20 55.3624
38 21 53.0848
38 22 57.0088
38 23 52.345
38 24 46.1411
38 25 30.0666
38 26 20.8806
38 27 32.9848
38 28 51.4198
38 29 40.3113
38 30 40.1995
38 31 18.868
38 32 28.178
38 33 42.5441
38 34 26.1725
38 35 17.8885
38 36 56.4358
38 37 52.6308
38 38 0
38 39 18.0278
38 40 23.3452
38 41 60.2163
38 42 61.0574
38 43 56.3028
38 44 31.6228
38 45 36.1248
38 46 24.3311
38 47 51.0882
38 48 45.0111
38 49 44.8219
38 50 33.5261
38 51 32.45
38 52 28.8617
38 53 12.0416
38 54 32.0156
38 55 37.2156
38 56 57.9828
38 57 42.9535
38 58 9.21954
38 59 23.0868
38 60 64.2884
38 61 61
38 62 49.0408
38 63 45
38 64 68.884
38 65 5
38 66 11.6619
38 67 24.0832
38 68 34.2053
38 69 62.0725
38 70 61.0328
38 71 62.1691
38 72 13.4164
38 73 46.5188
38 74 46.5296
38 75 29.8329
39 0 22.3607
39 1 38.833
39 2 34.5254
39 3 17.4929
39 4 29.1548
39 5 47.1699
39 6 26.1725
39 7 22.3607
39 8 29.1548
39 9 4.12311
39 10 11.6619
39 11 25.4951
39 12 10.2956
39 13 40.6079
39 14 32.1403
39 15 48.1664
39 16 25.632
39 17 16.2788
39 18 21.3776
39 19 34.176
39 20 58.4123
39 21 49.0408
39 22 47.1699
39 23 37.2156
39 24 28.6007
39 25 13.6015
39 26 17.8045
39 27 36.0694
39 28 44.2832
39 29 40.4969
39 30 36.4006
39 31 16.0312
39 32 10.6301
39 33 31.257
39 34 28.2843
