data;
param n := 51;
param Dmax := 200;
param Cmax := 160;
param : V :  c :=
0 0
1 7
2 30
3 16
4 9
5 21
6 15
7 19
8 23
9 11
10 5
11 19
12 29
13 23
14 21
15 10
16 15
17 3
18 41
19 9
20 28
21 8
22 8
23 16
24 10
25 28
26 7
27 15
28 14
29 6
30 19
31 11
32 12
33 23
34 26
35 17
36 6
37 9
38 15
39 14
40 7
41 27
42 13
43 11
44 16
45 10
46 5
47 25
48 17
49 18
50 10
;
param : E : d :=
0 0 0
0 1 13.8924
0 2 21.0238
0 3 32.5576
0 4 17.2047
0 5 14.1421
0 6 11.4018
0 7 26.4197
0 8 22.0227
0 9 23.0868
0 10 28.3196
0 11 12.0416
0 12 8.06226
0 13 29.1548
0 14 18.1108
0 15 24.7386
0 16 22.0227
0 17 17.2627
0 18 14.7648
0 19 31.9061
0 20 32.45
0 21 32.0624
0 22 20.8087
0 23 22.0227
0 24 25.0599
0 25 23.0868
0 26 28.1603
0 27 8
0 28 29.9666
0 29 29.1204
0 30 30.8707
0 31 29.8329
0 32 10
0 33 34
0 34 31.7805
0 35 39.4081
0 36 43.9318
0 37 18.1108
0 38 15.8114
0 39 38.2884
0 40 42.2019
0 41 30.4795
0 42 31.3209
0 43 34.6554
0 44 25
0 45 31.3209
0 46 2.23607
0 47 9.43398
0 48 15.8114
0 49 21.6333
0 50 26.1725
1 0 13.8924
1 1 0
1 2 12.3693
1 3 19.2094
1 4 31.0644
1 5 22.2036
1 6 16.7631
1 7 22.8254
1 8 11.6619
1 9 24.2074
1 10 34.0147
1 11 12.083
1 12 20.8806
1 13 41.8688
1 14 26.9258
1 15 36.0139
1 16 18.6011
1 17 30.6757
1 18 27.5862
1 19 45.793
1 20 20.8806
1 21 26.9258
1 22 7.07107
1 23 21.587
1 24 29
1 25 33.1059
1 26 18.868
1 27 8.06226
1 28 16.1555
1 29 21.3776
1 30 32.6497
1 31 17
1 32 6.08276
1 33 42.9535
1 34 30.6105
1 35 27.313
1 36 31.0644
1 37 30.4138
1 38 18.7883
1 39 43.0465
1 40 56.0357
1 41 44.2041
1 42 44.9444
1 43 34.176
1 44 37.6563
1 45 42.0476
1 46 13.9284
1 47 23.3238
1 48 12.3693
1 49 26.4008
1 50 24.2074
2 0 21.0238
2 1 12.3693
2 2 0
2 3 15.2971
2 4 37.0135
2 5 21.0238
2 6 28.0713
2 7 34.9285
2 8 22.2036
2 9 16.2788
2 10 28.0713
2 11 10.6301
2 12 24.7588
2 13 50.1199
2 14 37.6563
2 15 35.4683
2 16 8.544
2 17 34.0588
2 18 35.7771
2 19 50.9117
2 20 12.0416
2 21 14.7648
2 22 10.6301
2 23 33.9559
2 24 41.1096
2 25 43.4166
2 26 29.0689
2 27 19.0263
2 28 18.9737
2 29 9.05539
2 30 23.7697
2 31 23.3238
2 32 11.4018
2 33 39.1152
2 34 20
2 35 19.105
2 36 24.4131
2 37 31.9061
2 38 14.5602
2 39 35.4401
2 40 61.5224
2 41 50.448
2 42 48.0104
2 43 46.4866
2 44 38.9487
2 45 40.2616
2 46 19.7231
2 47 29.4109
2 48 24.7386
2 49 21.0238
2 50 13.8924
3 0 32.5576
3 1 19.2094
3 2 15.2971
3 3 0
3 4 49.679
3 5 36.0555
3 6 35.3553
3 7 35.0143
3 8 21.095
3 9 31
3 10 43.0116
3 11 25.0799
3 12 38.2753
3 13 61.0737
3 14 45.6508
3 15 50.5964
3 16 23
3 17 48.0208
3 18 46.7547
3 19 64.2028
3 20 7.81025
3 21 24.1661
3 22 12.2066
3 23 36.6742
3 24 45.607
3 25 51.9711
3 26 25.318
3 27 27.2029
3 28 9.48683
3 29 17.088
3 30 37.4833
3 31 15.8114
3 32 22.8035
3 33 54.3323
3 34 32.28
3 35 10.0499
3 36 12.083
3 37 46.5188
3 38 29.8329
3 39 49.4975
3 40 74.6525
3 41 63.0317
3 42 62.2656
3 43 47
3 44 53.7122
3 45 55.5428
3 46 32.0156
3 47 41.8688
3 48 28.4605
3 49 36.2215
3 50 27.2947
4 0 17.2047
4 1 31.0644
4 2 37.0135
4 3 49.679
4 4 0
4 5 20.3961
4 6 21.0238
4 7 37.1214
4 8 37.6431
4 9 32.7567
4 10 31.4006
4 11 26.6271
4 12 12.53
4 13 15.0333
4 14 17.8885
4 15 18.868
4 16 35.3412
4 17 7.61577
4 18 7.61577
4 19 14.7648
4 20 48.9183
4 21 44.9444
4 22 38.0132
4 23 31.257
4 24 28.6356
4 25 17.6918
4 26 42.5793
4 27 24.1661
4 28 47.0106
4 29 43.909
4 30 38.0132
4 31 46.2385
4 32 26.9072
4 33 30.5287
4 34 41.5933
4 35 55.9732
4 36 60.8112
4 37 12.6491
4 38 26.5707
4 39 40.5216
4 40 25
4 41 13.4536
4 42 16.0312
4 43 40.8534
4 44 14.8661
4 45 24.8395
4 46 17.6918
4 47 7.81025
4 48 29.4279
4 49 28.0713
4 50 37.6431
5 0 14.1421
5 1 22.2036
5 2 21.0238
5 3 36.0555
5 4 20.3961
5 5 0
5 6 25.4951
5 7 40.2244
5 8 33.2415
5 9 12.3693
5 10 14.2127
5 11 11.1803
5 12 9.21954
5 13 35.3553
5 14 30.4631
5 15 14.5602
5 16 16.2788
5 17 14.7648
5 18 23.1948
5 19 31.9061
5 20 32.7567
5 21 25.0599
5 22 27.074
5 23 36.1248
5 24 38.833
5 25 33.9559
5 26 40.1622
5 27 20.5913
5 28 37.1214
5 29 25.4558
5 30 18.2483
5 31 39.1152
5 32 16.1245
5 33 20.8806
5 34 21.2132
5 35 39.6611
5 36 45.2769
5 37 11.3137
5 38 7.07107
5 39 24.2074
5 40 42.4382
5 41 32.6956
5 42 27.5862
5 43 48.7955
5 44 18.0278
5 45 20.025
5 46 12.0416
5 47 15.1327
5 48 29.1548
5 49 8.24621
5 50 17.4642
6 0 11.4018
6 1 16.7631
6 2 28.0713
6 3 35.3553
6 4 21.0238
6 5 25.4951
6 6 0
6 7 16.4924
6 8 18.0278
6 9 34.0147
6 10 39.6989
6 11 21.8403
6 12 18.0278
6 13 27.2029
6 14 10.2956
6 15 34.4384
6 16 31.5753
6 17 24.7386
6 18 14.5602
6 19 34.9285
6 20 37.6431
6 21 41.3038
6 22 23.2594
6 23 11.1803
6 24 13.9284
6 25 16.6433
6 26 21.8403
6 27 9.05539
6 28 29.7321
6 29 37.0135
6 30 42.0595
6 31 27.2029
6 32 17.0294
6 33 44.6542
6 34 42.3792
6 35 44.0114
6 36 47.4131
6 37 27.313
6 38 26.8328
6 39 49.679
6 40 44.0114
6 41 31.9531
6 42 37
6 43 23.3452
6 44 33.2415
6 45 41.1461
6 46 13.6015
6 47 15.5242
6 48 8.94427
6 49 33.0151
6 50 36.4006
7 0 26.4197
7 1 22.8254
7 2 34.9285
7 3 35.0143
7 4 37.1214
7 5 40.2244
7 6 16.4924
7 7 0
7 8 14.0357
7 9 46.0977
7 10 54.037
7 11 33.3017
7 12 34.0147
7 13 39.8497
7 14 21.587
7 15 50.6952
7 16 41.3401
7 17 41.2311
7 18 30
7 19 50.1597
7 20 40.3113
7 21 49.6588
7 22 25.7099
7 23 6.08276
7 24 14.2127
7 25 26.9258
7 26 11.1803
7 27 19.8494
7 28 26.3059
7 29 43.6578
7 30 54.5619
7 31 20.8806
7 32 27.0185
7 33 60.4152
7 34 53.2541
7 35 45
7 36 46.3897
7 37 43.6578
7 38 39.598
7 39 63.7809
7 40 58.2495
7 41 46.5296
7 42 53.1507
7 43 12.0416
7 44 49.7293
7 45 57.3847
7 46 28.3019
7 47 32.0156
7 48 11.3137
7 49 46.7547
7 50 46.8722
8 0 22.0227
8 1 11.6619
8 2 22.2036
8 3 21.095
8 4 37.6431
8 5 33.2415
8 6 18.0278
8 7 14.0357
8 8 0
8 9 35.805
8 10 45.618
8 11 23.7065
8 12 30
8 13 45.2217
8 14 27.5862
8 15 46.2709
8 16 29.6985
8 17 39.2046
8 18 32.2025
8 19 52.2015
8 20 26.3059
8 21 36.8917
8 22 12.083
8 23 15.8114
8 24 25.0799
8 25 33.9411
8 26 7.2111
8 27 14.0357
8 28 13
8 29 30.4138
8 30 44.2041
8 31 9.21954
8 32 17.4642
8 33 54.1202
8 34 41.7253
8 35 31.0161
8 36 32.7567
8 37 40.0125
8 38 30.4138
8 39 54.7083
8 40 61.7414
8 41 49.6588
8 42 52.9528
8 43 26.0768
8 44 47.0106
8 45 52.6118
8 46 23.0217
8 47 30.5941
8 48 9.21954
8 49 38.0132
8 50 35.3553
9 0 23.0868
9 1 24.2074
9 2 16.2788
9 3 31
9 4 32.7567
9 5 12.3693
9 6 34.0147
9 7 46.0977
9 8 35.805
9 9 0
9 10 12.0416
9 11 12.8062
9 12 21.0238
9 13 47.676
9 14 41
9 15 23.3452
9 16 8
9 17 26.9258
9 18 35
9 19 43.8292
9 20 25.4951
9 21 13.4536
9 22 26
9 23 43.2666
9 24 47.927
9 25 45.2769
9 26 43.0116
9 27 26.6271
9 28 35.171
9 29 16.1555
9 30 8.48528
9 31 39
9 32 19.105
9 33 23.7697
9 34 9
9 35 31.6228
9 36 37.6431
9 37 22.8254
9 38 7.28011
9 39 19.3132
9 40 54.2033
9 41 44.9444
9 42 38.6005
9 43 56.3028
9 44 28.4253
9 45 26.4197
9 46 20.8806
9 47 27.0185
9 48 34.8281
9 49 6.40312
9 50 5.65685
10 0 28.3196
10 1 34.0147
10 2 28.0713
10 3 43.0116
10 4 31.4006
10 5 14.2127
10 6 39.6989
10 7 54.037
10 8 45.618
10 9 12.0416
10 10 0
10 11 21.9317
10 12 22.8254
10 13 46.1736
10 14 44.2945
10 15 15.8114
10 16 20.025
10 17 24.0832
10 18 36.0555
10 19 38.833
10 20 37.4833
10 21 23.7065
10 22 37.108
10 23 50.2096
10 24 53.0094
10 25 47.1699
10 26 52.7731
10 27 34.2053
10 28 46.6905
10 29 27.8927
10 30 9.21954
10 31 50
10 32 28.178
10 33 12.083
10 34 15.6205
10 35 43.4166
10 36 49.4773
10 37 19.0263
10 38 15.2315
10 39 10
10 40 48.3839
10 41 41.1947
10 42 31.9531
10 43 62.9682
10 44 21.8403
10 45 16.2788
10 46 26.1725
10 47 28.2312
10 48 42.8019
10 49 7.61577
10 50 16.7631
11 0 12.0416
11 1 12.083
11 2 10.6301
11 3 25.0799
11 4 26.6271
11 5 11.1803
11 6 21.8403
11 7 33.3017
11 8 23.7065
11 9 12.8062
11 10 21.9317
11 11 0
11 12 14.2127
11 13 40.3113
11 14 30.0167
11 15 25.7099
11 16 10
11 17 23.4307
11 18 26.2488
11 19 40.3113
11 20 22.6716
11 21 20.025
11 22 16
11 23 30.5287
11 24 35.7351
11 25 35.1283
11 26 30.8869
11 27 13.8924
11 28 26.0192
11 29 17.4642
11 30 21.2603
11 31 28.4429
11 32 6.40312
11 33 31.257
11 34 20.6155
11 35 29.7321
11 36 35
11 37 21.4709
11 38 6.7082
11 39 31.0644
11 40 50.9313
11 41 40
11 42 37.4433
11 43 43.566
11 44 28.6356
11 45 31.1448
11 46 10.198
11 47 19.2354
11 48 22.0227
11 49 14.3178
11 50 14.5602
12 0 8.06226
12 1 20.8806
12 2 24.7588
12 3 38.2753
12 4 12.53
12 5 9.21954
12 6 18.0278
12 7 34.0147
12 8 30
12 9 21.0238
12 10 22.8254
12 11 14.2127
12 12 0
12 13 26.9258
12 14 21.4709
12 15 16.7631
12 16 22.8473
12 17 9.84886
12 18 14.0357
12 19 26.1725
12 20 36.7696
12 21 32.573
12 22 27.313
12 23 29.1548
12 24 30.4795
12 25 24.7386
12 26 36.2215
12 27 16.0312
12 28 37
12 29 31.3847
12 30 27.4591
12 31 37.4833
12 32 15.6525
12 33 26.6271
12 34 30.0167
12 35 43.8406
12 36 48.9183
12 37 10.0499
12 38 14.3178
12 39 32.7567
12 40 36.7696
12 41 25.807
12 42 24.1661
12 43 41.2311
12 44 17.0294
12 45 23.4094
12 46 7.07107
12 47 6
12 48 23.7697
12 49 17.4642
12 50 25.4951
13 0 29.1548
13 1 41.8688
13 2 50.1199
13 3 61.0737
13 4 15.0333
13 5 35.3553
13 6 27.2029
13 7 39.8497
13 8 45.2217
13 9 47.676
13 10 46.1736
13 11 40.3113
13 12 26.9258
13 13 0
13 14 18.3848
13 15 32.28
13 16 49.6488
13 17 22.0907
13 18 14.4222
13 19 14.4222
13 20 61.5873
13 21 59.4811
13 22 48.9183
13 23 33.8378
13 24 27.1662
13 25 13.1529
13 26 48.3011
13 27 33.9706
13 28 56.6392
13 29 57.7754
13 30 53.0377
13 31 54.4059
13 32 39.1152
13 33 43.6578
13 34 56.5685
13 35 68.5055
13 36 72.8011
13 37 27.1662
13 38 41.2311
13 39 54.9181
13 40 19
13 41 9.43398
13 42 21.9317
13 43 39
13 44 26.9258
13 45 37.1618
13 46 30.4138
13 47 21.1896
13 48 36.0555
13 49 43.1045
13 50 52.3927
14 0 18.1108
14 1 26.9258
14 2 37.6563
14 3 45.6508
14 4 17.8885
14 5 30.4631
14 6 10.2956
14 7 21.587
14 8 27.5862
14 9 41
14 10 44.2945
14 11 30.0167
14 12 21.4709
14 13 18.3848
14 14 0
14 15 35.3836
14 16 40.0125
14 17 24.2074
14 18 10.2956
14 19 29.0172
14 20 47.7598
14 21 50
14 22 33.541
14 23 15.5242
14 24 10.7703
14 25 6.40312
14 26 30.0167
14 27 18.9737
14 28 39.8246
14 29 46.3897
14 30 48.3839
14 31 36.7967
14 32 26.3059
14 33 46.6905
14 34 49.8197
14 35 54.231
14 36 57.7062
14 37 28.2843
14 38 33.7343
14 39 54.2033
14 40 36.6742
14 41 25.0799
14 42 33.2415
14 43 23.0868
14 44 32.45
14 45 41.8688
14 46 20.2237
14 47 16.4012
14 48 18.3848
14 49 38.6264
14 50 44.2832
15 0 24.7386
15 1 36.0139
15 2 35.4683
15 3 50.5964
15 4 18.868
15 5 14.5602
15 6 34.4384
15 7 50.6952
15 8 46.2709
15 9 23.3452
15 10 15.8114
15 11 25.7099
15 12 16.7631
15 13 32.28
15 14 35.3836
15 15 0
15 16 29.6816
15 17 11.4018
15 18 25.4951
15 19 23.1948
15 20 46.9574
15 21 36.7696
15 22 41.4367
15 23 45.618
15 24 45.607
15 25 36.4006
15 26 52.7731
15 27 32.5576
15 28 51.4781
15 29 38.833
15 30 24.5967
15 31 53.0094
15 32 30.0666
15 33 11.6619
15 34 30.2324
15 35 53.7122
15 36 59.4811
15 37 7.2111
15 38 21.0238
15 39 23.0217
15 40 32.573
15 41 26.0192
15 42 16.1555
15 43 57.1402
15 44 6.08276
15 45 6.7082
15 46 23.3452
15 47 19.4165
15 48 40.5216
15 49 16.9706
15 50 29
16 0 22.0227
16 1 18.6011
16 2 8.544
16 3 23
16 4 35.3412
16 5 16.2788
16 6 31.5753
16 7 41.3401
16 8 29.6985
16 9 8
16 10 20.025
16 11 10
16 12 22.8473
16 13 49.6488
16 14 40.0125
16 15 29.6816
16 16 0
16 17 30.8058
16 18 35.9026
16 19 48.0104
16 20 17.72
16 21 10.0499
16 22 18.868
16 23 39.3954
16 24 45.3542
16 25 45.0999
16 26 36.7967
16 27 23.0868
16 28 27.5136
16 29 9.21954
16 30 15.2315
16 31 31.7648
16 32 14.8661
16 33 31.5753
16 34 12.0416
16 35 24.1661
16 36 30.0832
16 37 27.5862
16 38 9.21954
16 39 26.9258
16 40 58.6003
16 41 48.3735
16 42 43.8406
16 43 52.3259
16 44 34.0588
16 45 33.6155
16 46 20.0998
16 47 28.4605
16 48 30.4138
16 49 13.6015
16 50 5.65685
17 0 17.2627
17 1 30.6757
17 2 34.0588
17 3 48.0208
17 4 7.61577
17 5 14.7648
17 6 24.7386
17 7 41.2311
17 8 39.2046
17 9 26.9258
17 10 24.0832
17 11 23.4307
17 12 9.84886
17 13 22.0907
17 14 24.2074
17 15 11.4018
17 16 30.8058
17 17 0
17 18 14.1421
17 19 17.2047
17 20 46.0977
17 21 39.8246
17 22 37.1618
17 23 35.7351
17 24 34.6699
17 25 25
17 26 45
17 27 25.1794
17 28 46.8188
17 29 39.8246
17 30 31.257
17 31 47.0744
17 32 25.4951
17 33 23.0217
17 34 35.4401
17 35 53.1507
17 36 58.4123
17 37 5.09902
17 38 21.6333
17 39 32.9848
17 40 27.8029
17 41 18.0278
17 42 14.3178
17 43 46.5296
17 44 8.544
17 45 17.6918
17 46 16.7631
17 47 9.21954
17 48 32.0624
17 49 21.587
17 50 32.2025
18 0 14.7648
18 1 27.5862
18 2 35.7771
18 3 46.7547
18 4 7.61577
18 5 23.1948
18 6 14.5602
18 7 30
18 8 32.2025
18 9 35
18 10 36.0555
18 11 26.2488
18 12 14.0357
18 13 14.4222
18 14 10.2956
18 15 25.4951
18 16 35.9026
18 17 14.1421
18 18 0
18 19 20.3961
18 20 47.1699
18 21 45.8912
18 22 34.6554
18 23 24.0208
18 24 21.0238
18 25 11.1803
18 26 36.4006
18 27 19.8494
18 28 42.8019
18 29 43.6578
18 30 41.4367
18 31 41.1825
18 32 24.6982
18 33 37.0135
18 34 44
18 35 54.0833
18 36 58.4123
18 37 18.6011
18 38 28.0713
18 39 45.6946
18 40 29.5466
18 41 17.4642
18 42 23.3452
18 43 33.2415
18 44 22.2036
18 45 31.8277
18 46 16.1555
18 47 8.06226
18 48 23.4094
18 49 31.4006
18 50 39.2046
19 0 31.9061
19 1 45.793
19 2 50.9117
19 3 64.2028
19 4 14.7648
19 5 31.9061
19 6 34.9285
19 7 50.1597
19 8 52.2015
19 9 43.8292
19 10 38.833
19 11 40.3113
19 12 26.1725
19 13 14.4222
19 14 29.0172
19 15 23.1948
19 16 48.0104
19 17 17.2047
19 18 20.3961
19 19 0
19 20 62.9365
19 21 56.9386
19 22 52.6973
19 23 44.1022
19 24 39.3192
19 25 25.7099
19 26 56.7539
19 27 38.9102
19 28 61.7738
19 29 57.0088
19 30 47.1275
19 31 60.9262
19 32 41.4005
19 33 33.1361
19 34 52
19 35 70.0071
19 36 75.0733
19 37 21.0238
19 38 38.833
19 39 46.0435
19 40 10.6301
19 41 5
19 42 8.544
19 43 51.6236
19 44 17.1172
19 45 26.1725
19 46 32.2025
19 47 22.4722
19 48 43.6807
19 49 38.0789
19 50 49.2443
20 0 32.45
20 1 20.8806
20 2 12.0416
20 3 7.81025
20 4 48.9183
20 5 32.7567
20 6 37.6431
20 7 40.3113
20 8 26.3059
20 9 25.4951
20 10 37.4833
20 11 22.6716
20 12 36.7696
20 13 61.5873
20 14 47.7598
20 15 46.9574
20 16 17.72
20 17 46.0977
20 18 47.1699
20 19 62.9365
20 20 0
20 21 16.7631
20 22 15.0333
20 23 41.0122
20 24 49.366
20 25 53.8516
20 26 31.6228
20 27 28.7924
20 28 16.6433
20 29 10.0499
20 30 31.0161
20 31 22.8254
20 32 22.4722
20 33 49.2443
20 34 25.318
20 35 7.07107
20 36 12.53
20 37 43.8292
20 38 25.9422
20 39 43.0465
20 40 73.5391
20 41 62.3699
20 42 60
20 43 52.345
20 44 50.774
20 45 51.264
20 46 31.4006
20 47 41.2311
20 48 32.1403
20 49 31.3209
20 50 21.0238
21 0 32.0624
21 1 26.9258
21 2 14.7648
21 3 24.1661
21 4 44.9444
21 5 25.0599
21 6 41.3038
21 7 49.6588
21 8 36.8917
21 9 13.4536
21 10 23.7065
21 11 20.025
21 12 32.573
21 13 59.4811
21 14 50
21 15 36.7696
21 16 10.0499
21 17 39.8246
21 18 45.8912
21 19 56.9386
21 20 16.7631
21 21 0
21 22 25
21 23 48.3839
21 24 54.9181
21 25 55.1453
21 26 43.6005
21 27 32.5576
21 28 31.4006
21 29 7.2111
21 30 15.5242
21 31 36.7967
21 32 24.3311
21 33 35.7771
21 34 9.05539
21 35 21
21 36 27.0185
21 37 36.0555
21 38 18.3848
21 39 27.1662
21 40 67.4166
21 41 57.6975
21 42 52.0096
21 43 61.0983
21 44 41.8688
21 45 39.4081
21 46 30.1496
21 47 38.3275
21 48 39.2173
21 49 19.799
21 50 7.81025
22 0 20.8087
22 1 7.07107
22 2 10.6301
22 3 12.2066
22 4 38.0132
22 5 27.074
22 6 23.2594
22 7 25.7099
22 8 12.083
22 9 26
22 10 37.108
22 11 16
22 12 27.313
22 13 48.9183
22 14 33.541
22 15 41.4367
22 16 18.868
22 17 37.1618
22 18 34.6554
22 19 52.6973
22 20 15.0333
22 21 25
22 22 0
22 23 26
22 24 34.3657
22 25 39.8246
22 26 18.6011
22 27 15
22 28 10.0499
22 29 18.3576
22 30 34
22 31 13
22 32 11.7047
22 33 47.1699
22 34 30.6105
22 35 20.8806
22 36 24.1868
22 37 36.4006
22 38 22.2036
22 39 45.31
22 40 63.0079
22 41 51.225
22 42 51.4781
22 43 37.6563
22 44 43.6807
22 45 47.0956
22 46 20.5913
22 47 30.2324
22 48 17.1172
22 49 29.6142
22 50 24.4131
23 0 22.0227
23 1 21.587
23 2 33.9559
23 3 36.6742
23 4 31.257
23 5 36.1248
23 6 11.1803
23 7 6.08276
23 8 15.8114
23 9 43.2666
23 10 50.2096
23 11 30.5287
23 12 29.1548
23 13 33.8378
23 14 15.5242
23 15 45.618
23 16 39.3954
23 17 35.7351
23 18 24.0208
23 19 44.1022
23 20 41.0122
23 21 48.3839
23 22 26
23 23 0
23 24 9.43398
23 25 21.0238
23 26 15.5563
23 27 16.6433
23 28 28.7924
23 29 42.9535
23 30 51.614
23 31 24.1868
23 32 24.5967
23 33 55.7584
23 34 51
23 35 46.3897
23 36 48.5077
23 37 38.4838
23 38 36.4006
23 39 60.1082
23 40 52.1728
23 41 40.4475
23 42 47.2652
23 43 13.0384
23 44 44.2719
23 45 52.3259
23 46 24.0832
23 47 26.5707
23 48 9.21954
23 49 43.1856
23 50 44.7214
24 0 25.0599
24 1 29
24 2 41.1096
24 3 45.607
24 4 28.6356
24 5 38.833
24 6 13.9284
24 7 14.2127
24 8 25.0799
24 9 47.927
24 10 53.0094
24 11 35.7351
24 12 30.4795
24 13 27.1662
24 14 10.7703
24 15 45.607
24 16 45.3542
24 17 34.6699
24 18 21.0238
24 19 39.3192
24 20 49.366
24 21 54.9181
24 22 34.3657
24 23 9.43398
24 24 0
24 25 14.0357
24 26 24.8395
24 27 22.3607
24 28 38.0789
24 29 50.1597
24 30 55.9017
24 31 33.6155
24 32 30.5941
24 33 56.6392
24 34 56.3028
24 35 55.109
24 36 57.5674
24 37 38.4187
24 38 40.7185
24 39 63.0079
24 40 46.0977
24 41 35.0571
24 42 43.9659
24 43 12.3693
24 44 43.0465
24 45 52.2015
24 46 27.2947
24 47 26.2488
24 48 17.2627
24 49 46.6476
24 50 50.2892
25 0 23.0868
25 1 33.1059
25 2 43.4166
25 3 51.9711
25 4 17.6918
25 5 33.9559
25 6 16.6433
25 7 26.9258
25 8 33.9411
25 9 45.2769
25 10 47.1699
25 11 35.1283
25 12 24.7386
25 13 13.1529
25 14 6.40312
25 15 36.4006
25 16 45.0999
25 17 25
25 18 11.1803
25 19 25.7099
25 20 53.8516
25 21 55.1453
25 22 39.8246
25 23 21.0238
25 24 14.0357
25 25 0
25 26 36.0555
25 27 25.0799
25 28 46.2277
25 29 51.9711
25 30 52.1728
25 31 43.1393
25 32 32.0156
25 33 48.0104
25 34 54.231
25 35 60.4152
25 36 64.0078
25 37 29.6816
25 38 38.1182
25 39 56.8595
25 40 32.0624
25 41 21.2132
25 42 31.305
25 43 26.0768
25 44 32.5269
25 45 42.5206
25 46 25.02
25 47 18.9737
25 48 24.7588
25 49 42.2019
25 50 49.0102
26 0 28.1603
26 1 18.868
26 2 29.0689
26 3 25.318
26 4 42.5793
26 5 40.1622
26 6 21.8403
26 7 11.1803
26 8 7.2111
26 9 43.0116
26 10 52.7731
26 11 30.8869
26 12 36.2215
26 13 48.3011
26 14 30.0167
26 15 52.7731
26 16 36.7967
26 17 45
26 18 36.4006
26 19 56.7539
26 20 31.6228
26 21 43.6005
26 22 18.6011
26 23 15.5563
26 24 24.8395
26 25 36.0555
26 26 0
26 27 20.2237
26 28 16.0312
26 29 36.8917
26 30 51.4004
26 31 10.0499
26 32 24.5967
26 33 61.0328
26 34 48.7955
26 35 35.3553
26 36 36.0139
26 37 46.2709
26 38 37.5899
26 39 61.9112
26 40 65.7875
26 41 53.7587
26 42 58.3095
26 43 22.3607
26 44 53.0848
26 45 59.2284
26 46 29.4279
26 47 36.0555
26 48 13.1529
26 49 45.1774
26 50 42.45
27 0 8
27 1 8.06226
27 2 19.0263
27 3 27.2029
27 4 24.1661
27 5 20.5913
27 6 9.05539
27 7 19.8494
27 8 14.0357
27 9 26.6271
27 10 34.2053
27 11 13.8924
27 12 16.0312
27 13 33.9706
27 14 18.9737
27 15 32.5576
27 16 23.0868
27 17 25.1794
27 18 19.8494
27 19 38.9102
27 20 28.7924
27 21 32.5576
27 22 15
27 23 16.6433
27 24 22.3607
27 25 25.0799
27 26 20.2237
27 27 0
27 28 23.0217
27 29 28
27 30 35
27 31 22.1359
27 32 8.24621
27 33 41.2311
27 34 34.4384
27 35 35.3412
27 36 39.1152
27 37 26.0768
27 38 19.8494
27 39 43.9318
27 40 48.8774
27 41 36.8917
27 42 39.0512
27 43 29.6816
27 44 33
27 45 39.0512
27 46 9.21954
27 47 16.7631
27 48 8.60233
27 49 26.9072
27 50 28.2312
28 0 29.9666
28 1 16.1555
28 2 18.9737
28 3 9.48683
28 4 47.0106
28 5 37.1214
28 6 29.7321
28 7 26.3059
28 8 13
28 9 35.171
28 10 46.6905
28 11 26.0192
28 12 37
28 13 56.6392
28 14 39.8246
28 15 51.4781
28 16 27.5136
28 17 46.8188
28 18 42.8019
28 19 61.7738
28 20 16.6433
28 21 31.4006
28 22 10.0499
28 23 28.7924
28 24 38.0789
28 25 46.2277
28 26 16.0312
28 27 23.0217
28 28 0
28 29 24.2074
28 30 42.72
28 31 6.32456
28 32 21.587
28 33 57.0789
28 34 38.4708
28 35 19.4165
28 36 20.0998
28 37 46.3249
28 38 32.0624
28 39 54.4059
28 40 71.8679
28 41 59.9083
28 42 61.0983
28 43 38.1182
28 44 53.6004
28 45 57.1402
28 46 30.0832
28 47 39.3573
28 48 21.6333
28 49 39.3192
28 50 32.6956
29 0 29.1204
29 1 21.3776
29 2 9.05539
29 3 17.088
29 4 43.909
29 5 25.4558
29 6 37.0135
29 7 43.6578
29 8 30.4138
29 9 16.1555
29 10 27.8927
29 11 17.4642
29 12 31.3847
29 13 57.7754
29 14 46.3897
29 15 38.833
29 16 9.21954
29 17 39.8246
29 18 43.6578
29 19 57.0088
29 20 10.0499
29 21 7.2111
29 22 18.3576
29 23 42.9535
29 24 50.1597
29 25 51.9711
29 26 36.8917
29 27 28
29 28 24.2074
29 29 0
29 30 21
29 31 29.6985
29 32 20.0998
29 33 39.8497
29 34 15.2971
29 35 15.5242
29 36 21.587
29 37 36.7696
29 38 18.3848
29 39 33.0151
29 40 67.624
29 41 57.1402
29 42 53.0377
29 43 55.3624
29 44 43.2782
29 45 42.4853
29 46 27.5136
29 47 36.6742
29 48 33.7343
29 49 22.3607
29 50 11.1803
30 0 30.8707
30 1 32.6497
30 2 23.7697
30 3 37.4833
30 4 38.0132
30 5 18.2483
30 6 42.0595
30 7 54.5619
30 8 44.2041
30 9 8.48528
30 10 9.21954
30 11 21.2603
30 12 27.4591
30 13 53.0377
30 14 48.3839
30 15 24.5967
30 16 15.2315
30 17 31.257
30 18 41.4367
30 19 47.1275
30 20 31.0161
30 21 15.5242
30 22 34
30 23 51.614
30 24 55.9017
30 25 52.1728
30 26 51.4004
30 27 35
30 28 42.72
30 29 21
30 30 0
30 31 46.9574
30 32 27.5862
30 33 20.8087
30 34 6.7082
30 35 36.2215
30 36 42.2966
30 37 26.4764
30 38 15.2643
30 39 12.0416
30 40 57.0088
30 41 49.0306
30 42 40.7185
30 43 64.6375
30 44 30.4631
30 45 25.4951
30 46 28.6356
30 47 33.3766
30 48 43.2782
30 49 10.0499
30 50 10.198
31 0 29.8329
31 1 17
31 2 23.3238
31 3 15.8114
31 4 46.2385
31 5 39.1152
31 6 27.2029
31 7 20.8806
31 8 9.21954
31 9 39
31 10 50
31 11 28.4429
31 12 37.4833
31 13 54.4059
31 14 36.7967
31 15 53.0094
31 16 31.7648
31 17 47.0744
31 18 41.1825
31 19 60.9262
31 20 22.8254
31 21 36.7967
31 22 13
31 23 24.1868
31 24 33.6155
31 25 43.1393
31 26 10.0499
31 27 22.1359
31 28 6.32456
31 29 29.6985
31 30 46.9574
31 31 0
31 32 23.0217
31 33 59.6825
31 34 43.2666
31 35 25.7099
31 36 26
31 37 47.2652
31 38 34.9285
31 39 58.3095
31 40 70.6612
31 41 58.5918
31 42 61.131
31 43 32.3883
31 44 54.4518
31 45 59.0339
31 46 30.4138
31 47 38.8973
31 48 18.4391
31 49 42.45
31 50 37.2156
32 0 10
32 1 6.08276
32 2 11.4018
32 3 22.8035
32 4 26.9072
32 5 16.1245
32 6 17.0294
32 7 27.0185
32 8 17.4642
32 9 19.105
32 10 28.178
32 11 6.40312
32 12 15.6525
32 13 39.1152
32 14 26.3059
32 15 30.0666
32 16 14.8661
32 17 25.4951
32 18 24.6982
32 19 41.4005
32 20 22.4722
32 21 24.3311
32 22 11.7047
32 23 24.5967
32 24 30.5941
32 25 32.0156
32 26 24.5967
32 27 8.24621
32 28 21.587
32 29 20.0998
32 30 27.5862
32 31 23.0217
32 32 0
32 33 36.8782
32 34 26.4197
32 35 29.4109
32 36 33.9706
32 37 24.7386
32 38 13.0384
32 39 37.4433
32 40 51.8556
32 41 40.3113
32 42 39.8121
32 43 37.5899
32 44 32.0156
32 45 36.0139
32 46 9.21954
32 47 19.105
32 48 15.8114
32 49 20.5913
32 50 20.1246
33 0 34
33 1 42.9535
33 2 39.1152
33 3 54.3323
33 4 30.5287
33 5 20.8806
33 6 44.6542
33 7 60.4152
33 8 54.1202
33 9 23.7697
33 10 12.083
33 11 31.257
33 12 26.6271
33 13 43.6578
33 14 46.6905
33 15 11.6619
33 16 31.5753
33 17 23.0217
33 18 37.0135
33 19 33.1361
33 20 49.2443
33 21 35.7771
33 22 47.1699
33 23 55.7584
33 24 56.6392
33 25 48.0104
33 26 61.0328
33 27 41.2311
33 28 57.0789
33 29 39.8497
33 30 20.8087
33 31 59.6825
33 32 36.8782
33 33 0
33 34 27.4591
33 35 55.3624
33 36 61.4003
33 37 18.4391
33 38 25.02
33 39 13.9284
33 40 41.1947
33 41 36.6742
33 42 25
33 43 67.8012
33 44 16.7631
33 45 7
33 46 32.2025
33 47 30.4138
33 48 49.6588
33 49 18.1108
33 50 28.7924
34 0 31.7805
34 1 30.6105
34 2 20
34 3 32.28
34 4 41.5933
34 5 21.2132
34 6 42.3792
34 7 53.2541
34 8 41.7253
34 9 9
34 10 15.6205
34 11 20.6155
34 12 30.0167
34 13 56.5685
34 14 49.8197
34 15 30.2324
34 16 12.0416
34 17 35.4401
34 18 44
34 19 52
34 20 25.318
34 21 9.05539
34 22 30.6105
34 23 51
34 24 56.3028
34 25 54.231
34 26 48.7955
34 27 34.4384
34 28 38.4708
34 29 15.2971
34 30 6.7082
34 31 43.2666
34 32 26.4197
34 33 27.4591
34 34 0
34 35 30.0167
34 36 36.0555
34 37 31.0161
34 38 16.1245
34 39 18.1108
34 40 62.1691
34 41 53.4509
34 42 46.1411
34 43 64.0078
34 44 35.8469
34 45 31.8277
34 46 29.6142
34 47 36.0139
34 48 42.19
34 49 13.9284
34 50 6.40312
35 0 39.4081
35 1 27.313
35 2 19.105
35 3 10.0499
35 4 55.9732
35 5 39.6611
35 6 44.0114
35 7 45
35 8 31.0161
35 9 31.6228
35 10 43.4166
35 11 29.7321
35 12 43.8406
35 13 68.5055
35 14 54.231
35 15 53.7122
35 16 24.1661
35 17 53.1507
35 18 54.0833
35 19 70.0071
35 20 7.07107
35 21 21
35 22 20.8806
35 23 46.3897
35 24 55.109
35 25 60.4152
35 26 35.3553
35 27 35.3412
35 28 19.4165
35 29 15.5242
35 30 36.2215
35 31 25.7099
35 32 29.4109
35 33 55.3624
35 34 30.0167
35 35 0
35 36 6.08276
35 37 50.8035
35 38 32.7567
35 39 48.0937
35 40 80.6102
35 41 69.4262
35 42 67.0075
35 43 57.0088
35 44 57.6888
35 45 57.7754
35 46 38.4187
35 47 48.2701
35 48 37.855
35 49 37.6962
35 50 26.6833
36 0 43.9318
36 1 31.0644
36 2 24.4131
36 3 12.083
36 4 60.8112
36 5 45.2769
36 6 47.4131
36 7 46.3897
36 8 32.7567
36 9 37.6431
36 10 49.4773
36 11 35
36 12 48.9183
36 13 72.8011
36 14 57.7062
36 15 59.4811
36 16 30.0832
36 17 58.4123
36 18 58.4123
36 19 75.0733
36 20 12.53
36 21 27.0185
36 22 24.1868
36 23 48.5077
36 24 57.5674
36 25 64.0078
36 26 36.0139
36 27 39.1152
36 28 20.0998
36 29 21.587
36 30 42.2966
36 31 26
36 32 33.9706
36 33 61.4003
36 34 36.0555
36 35 6.08276
36 36 0
36 37 56.3028
36 38 38.4708
36 39 54.1479
36 40 85.6329
36 41 74.2496
36 42 72.4224
36 43 58.2151
36 44 63.2851
36 45 63.6946
36 46 43.1393
36 47 53.0377
36 48 40.4969
36 49 43.6578
36 50 32.7567
37 0 18.1108
37 1 30.4138
37 2 31.9061
37 3 46.5188
37 4 12.6491
37 5 11.3137
37 6 27.313
37 7 43.6578
37 8 40.0125
37 9 22.8254
37 10 19.0263
37 11 21.4709
37 12 10.0499
37 13 27.1662
37 14 28.2843
37 15 7.2111
37 16 27.5862
37 17 5.09902
37 18 18.6011
37 19 21.0238
37 20 43.8292
37 21 36.0555
37 22 36.4006
37 23 38.4838
37 24 38.4187
37 25 29.6816
37 26 46.2709
37 27 26.0768
37 28 46.3249
37 29 36.7696
37 30 26.4764
37 31 47.2652
37 32 24.7386
37 33 18.4391
37 34 31.0161
37 35 50.8035
37 36 56.3028
37 37 0
37 38 18.3848
37 39 27.8927
37 40 31.3847
37 41 22.561
37 42 16.2788
37 43 49.93
37 44 7.28011
37 45 13.8924
37 46 17
37 47 12.2066
37 48 33.7343
37 49 17.088
37 50 28.3019
38 0 15.8114
38 1 18.7883
38 2 14.5602
38 3 29.8329
38 4 26.5707
38 5 7.07107
38 6 26.8328
38 7 39.598
38 8 30.4138
38 9 7.28011
38 10 15.2315
38 11 6.7082
38 12 14.3178
38 13 41.2311
38 14 33.7343
38 15 21.0238
38 16 9.21954
38 17 21.6333
38 18 28.0713
38 19 38.833
38 20 25.9422
38 21 18.3848
38 22 22.2036
38 23 36.4006
38 24 40.7185
38 25 38.1182
38 26 37.5899
38 27 19.8494
38 28 32.0624
38 29 18.3848
38 30 15.2643
38 31 34.9285
38 32 13.0384
38 33 25.02
38 34 16.1245
38 35 32.7567
38 36 38.4708
38 37 18.3848
38 38 0
38 39 24.4131
38 40 49.4065
38 41 39.3573
38 42 34.6554
38 43 49.4065
38 44 25
38 45 25.7099
38 46 13.6015
38 47 20.2237
38 48 28.2843
38 49 7.61577
38 50 11.1803
39 0 38.2884
39 1 43.0465
39 2 35.4401
39 3 49.4975
39 4 40.5216
39 5 24.2074
39 6 49.679
39 7 63.7809
39 8 54.7083
39 9 19.3132
39 10 10
39 11 31.0644
39 12 32.7567
39 13 54.9181
39 14 54.2033
39 15 23.0217
39 16 26.9258
39 17 32.9848
39 18 45.6946
39 19 46.0435
39 20 43.0465
39 21 27.1662
39 22 45.31
39 23 60.1082
39 24 63.0079
39 25 56.8595
39 26 61.9112
39 27 43.9318
39 28 54.4059
39 29 33.0151
39 30 12.0416
39 31 58.3095
39 32 37.4433
39 33 13.9284
39 34 18.1108
39 35 48.0937
39 36 54.1479
39 37 27.8927
39 38 24.4131
39 39 0
39 40 54.7449
39 41 49.0408
39 42 38.3275
39 43 72.9178
39 44 29
39 45 20.6155
39 46 36.1248
39 47 38.0132
39 48 52.4976
39 49 17.0294
39 50 22.2036
40 0 42.2019
40 1 56.0357
40 2 61.5224
40 3 74.6525
40 4 25
40 5 42.4382
40 6 44.0114
40 7 58.2495
40 8 61.7414
40 9 54.2033
40 10 48.3839
40 11 50.9313
40 12 36.7696
40 13 19
40 14 36.6742
40 15 32.573
40 16 58.6003
40 17 27.8029
40 18 29.5466
40 19 10.6301
40 20 73.5391
40 21 67.4166
40 22 63.0079
40 23 52.1728
40 24 46.0977
40 25 32.0624
40 26 65.7875
40 27 48.8774
40 28 71.8679
40 29 67.624
40 30 57.0088
40 31 70.6612
40 32 51.8556
40 33 41.1947
40 34 62.1691
40 35 80.6102
40 36 85.6329
40 37 31.3847
40 38 49.4065
40 39 54.7449
40 40 0
40 41 12.083
40 42 16.4924
40 43 58
40 44 26.5707
40 45 34.2345
40 46 42.638
40 47 32.8024
40 48 52.9245
40 49 48.3011
40 50 59.6825
41 0 30.4795
41 1 44.2041
41 2 50.448
41 3 63.0317
41 4 13.4536
41 5 32.6956
41 6 31.9531
41 7 46.5296
41 8 49.6588
41 9 44.9444
41 10 41.1947
41 11 40
41 12 25.807
41 13 9.43398
41 14 25.0799
41 15 26.0192
41 16 48.3735
41 17 18.0278
41 18 17.4642
41 19 5
41 20 62.3699
41 21 57.6975
41 22 51.225
41 23 40.4475
41 24 35.0571
41 25 21.2132
41 26 53.7587
41 27 36.8917
41 28 59.9083
41 29 57.1402
41 30 49.0306
41 31 58.5918
41 32 40.3113
41 33 36.6742
41 34 53.4509
41 35 69.4262
41 36 74.2496
41 37 22.561
41 38 39.3573
41 39 49.0408
41 40 12.083
41 41 0
41 42 13.0384
41 43 47.2652
41 44 20.0998
41 45 29.8329
41 46 31.1127
41 47 21.2132
41 48 40.8534
41 49 39.5601
41 50 50.1597
42 0 31.3209
42 1 44.9444
42 2 48.0104
42 3 62.2656
42 4 16.0312
42 5 27.5862
42 6 37
42 7 53.1507
42 8 52.9528
42 9 38.6005
42 10 31.9531
42 11 37.4433
42 12 24.1661
42 13 21.9317
42 14 33.2415
42 15 16.1555
42 16 43.8406
42 17 14.3178
42 18 23.3452
42 19 8.544
42 20 60
42 21 52.0096
42 22 51.4781
42 23 47.2652
42 24 43.9659
42 25 31.305
42 26 58.3095
42 27 39.0512
42 28 61.0983
42 29 53.0377
42 30 40.7185
42 31 61.131
42 32 39.8121
42 33 25
42 34 46.1411
42 35 67.0075
42 36 72.4224
42 37 16.2788
42 38 34.6554
42 39 38.3275
42 40 16.4924
42 41 13.0384
42 42 0
42 43 56.3205
42 44 10.2956
42 45 18
42 46 31.0161
42 47 22.3607
42 48 45.1774
42 49 32.45
42 50 44.2041
43 0 34.6554
43 1 34.176
43 2 46.4866
43 3 47
43 4 40.8534
43 5 48.7955
43 6 23.3452
43 7 12.0416
43 8 26.0768
43 9 56.3028
43 10 62.9682
43 11 43.566
43 12 41.2311
43 13 39
43 14 23.0868
43 15 57.1402
43 16 52.3259
43 17 46.5296
43 18 33.2415
43 19 51.6236
43 20 52.345
43 21 61.0983
43 22 37.6563
43 23 13.0384
43 24 12.3693
43 25 26.0768
43 26 22.3607
43 27 29.6816
43 28 38.1182
43 29 55.3624
43 30 64.6375
43 31 32.3883
43 32 37.5899
43 33 67.8012
43 34 64.0078
43 35 57.0088
43 36 58.2151
43 37 49.93
43 38 49.4065
43 39 72.9178
43 40 58
43 41 47.2652
43 42 56.3205
43 43 0
43 44 55.0091
43 45 63.8122
43 46 36.7967
43 47 37.7359
43 48 21.9317
43 49 56.0803
43 50 57.7062
44 0 25
44 1 37.6563
44 2 38.9487
44 3 53.7122
44 4 14.8661
44 5 18.0278
44 6 33.2415
44 7 49.7293
44 8 47.0106
44 9 28.4253
44 10 21.8403
44 11 28.6356
44 12 17.0294
44 13 26.9258
44 14 32.45
44 15 6.08276
44 16 34.0588
44 17 8.544
44 18 22.2036
44 19 17.1172
44 20 50.774
44 21 41.8688
44 22 43.6807
44 23 44.2719
44 24 43.0465
44 25 32.5269
44 26 53.0848
44 27 33
44 28 53.6004
44 29 43.2782
44 30 30.4631
44 31 54.4518
44 32 32.0156
44 33 16.7631
44 34 35.8469
44 35 57.6888
44 36 63.2851
44 37 7.28011
44 38 25
44 39 29
44 40 26.5707
44 41 20.0998
44 42 10.2956
44 43 55.0091
44 44 0
44 45 10.2956
44 46 24.0832
44 47 17.72
44 48 40.3113
44 49 22.2036
44 50 34.0588
45 0 31.3209
45 1 42.0476
45 2 40.2616
45 3 55.5428
45 4 24.8395
45 5 20.025
45 6 41.1461
45 7 57.3847
45 8 52.6118
45 9 26.4197
45 10 16.2788
45 11 31.1448
45 12 23.4094
45 13 37.1618
45 14 41.8688
45 15 6.7082
45 16 33.6155
45 17 17.6918
45 18 31.8277
45 19 26.1725
45 20 51.264
45 21 39.4081
45 22 47.0956
45 23 52.3259
45 24 52.2015
45 25 42.5206
45 26 59.2284
45 27 39.0512
45 28 57.1402
45 29 42.4853
45 30 25.4951
45 31 59.0339
45 32 36.0139
45 33 7
45 34 31.8277
45 35 57.7754
45 36 63.6946
45 37 13.8924
45 38 25.7099
45 39 20.6155
45 40 34.2345
45 41 29.8329
45 42 18
45 43 63.8122
45 44 10.2956
45 45 0
45 46 29.8329
45 47 26.0768
45 48 47.1275
45 49 20.1246
45 50 31.9061
46 0 2.23607
46 1 13.9284
46 2 19.7231
46 3 32.0156
46 4 17.6918
46 5 12.0416
46 6 13.6015
46 7 28.3019
46 8 23.0217
46 9 20.8806
46 10 26.1725
46 11 10.198
46 12 7.07107
46 13 30.4138
46 14 20.2237
46 15 23.3452
46 16 20.0998
46 17 16.7631
46 18 16.1555
46 19 32.2025
46 20 31.4006
46 21 30.1496
46 22 20.5913
46 23 24.0832
46 24 27.2947
46 25 25.02
46 26 29.4279
46 27 9.21954
46 28 30.0832
46 29 27.5136
46 30 28.6356
46 31 30.4138
46 32 9.21954
46 33 32.2025
46 34 29.6142
46 35 38.4187
46 36 43.1393
46 37 17
46 38 13.6015
46 39 36.1248
46 40 42.638
46 41 31.1127
46 42 31.0161
46 43 36.7967
46 44 24.0832
46 45 29.8329
46 46 0
46 47 9.8995
46 48 17.4642
46 49 19.4165
46 50 24.0832
47 0 9.43398
47 1 23.3238
47 2 29.4109
47 3 41.8688
47 4 7.81025
47 5 15.1327
47 6 15.5242
47 7 32.0156
47 8 30.5941
47 9 27.0185
47 10 28.2312
47 11 19.2354
47 12 6
47 13 21.1896
47 14 16.4012
47 15 19.4165
47 16 28.4605
47 17 9.21954
47 18 8.06226
47 19 22.4722
47 20 41.2311
47 21 38.3275
47 22 30.2324
47 23 26.5707
47 24 26.2488
47 25 18.9737
47 26 36.0555
47 27 16.7631
47 28 39.3573
47 29 36.6742
47 30 33.3766
47 31 38.8973
47 32 19.105
47 33 30.4138
47 34 36.0139
47 35 48.2701
47 36 53.0377
47 37 12.2066
47 38 20.2237
47 39 38.0132
47 40 32.8024
47 41 21.2132
47 42 22.3607
47 43 37.7359
47 44 17.72
47 45 26.0768
47 46 9.8995
47 47 0
47 48 23
47 49 23.3452
47 50 31.4006
48 0 15.8114
48 1 12.3693
48 2 24.7386
48 3 28.4605
48 4 29.4279
48 5 29.1548
48 6 8.94427
48 7 11.3137
48 8 9.21954
48 9 34.8281
48 10 42.8019
48 11 22.0227
48 12 23.7697
48 13 36.0555
48 14 18.3848
48 15 40.5216
48 16 30.4138
48 17 32.0624
48 18 23.4094
48 19 43.6807
48 20 32.1403
48 21 39.2173
48 22 17.1172
48 23 9.21954
48 24 17.2627
48 25 24.7588
48 26 13.1529
48 27 8.60233
48 28 21.6333
48 29 33.7343
48 30 43.2782
48 31 18.4391
48 32 15.8114
48 33 49.6588
48 34 42.19
48 35 37.855
48 36 40.4969
48 37 33.7343
48 38 28.2843
48 39 52.4976
48 40 52.9245
48 41 40.8534
48 42 45.1774
48 43 21.9317
48 44 40.3113
48 45 47.1275
48 46 17.4642
48 47 23
48 48 0
48 49 35.4683
48 50 35.8469
49 0 21.6333
49 1 26.4008
49 2 21.0238
49 3 36.2215
49 4 28.0713
49 5 8.24621
49 6 33.0151
49 7 46.7547
49 8 38.0132
49 9 6.40312
49 10 7.61577
49 11 14.3178
49 12 17.4642
49 13 43.1045
49 14 38.6264
49 15 16.9706
49 16 13.6015
49 17 21.587
49 18 31.4006
49 19 38.0789
49 20 31.3209
49 21 19.799
49 22 29.6142
49 23 43.1856
49 24 46.6476
49 25 42.2019
49 26 45.1774
49 27 26.9072
49 28 39.3192
49 29 22.3607
49 30 10.0499
49 31 42.45
49 32 20.5913
49 33 18.1108
49 34 13.9284
49 35 37.6962
49 36 43.6578
49 37 17.088
49 38 7.61577
49 39 17.0294
49 40 48.3011
49 41 39.5601
49 42 32.45
49 43 56.0803
49 44 22.2036
49 45 20.1246
49 46 19.4165
49 47 23.3452
49 48 35.4683
49 49 0
49 50 12.0416
50 0 26.1725
50 1 24.2074
50 2 13.8924
50 3 27.2947
50 4 37.6431
50 5 17.4642
50 6 36.4006
50 7 46.8722
50 8 35.3553
50 9 5.65685
50 10 16.7631
50 11 14.5602
50 12 25.4951
50 13 52.3927
50 14 44.2832
50 15 29
50 16 5.65685
50 17 32.2025
50 18 39.2046
50 19 49.2443
50 20 21.0238
50 21 7.81025
50 22 24.4131
50 23 44.7214
50 24 50.2892
50 25 49.0102
50 26 42.45
50 27 28.2312
50 28 32.6956
50 29 11.1803
50 30 10.198
50 31 37.2156
50 32 20.1246
50 33 28.7924
50 34 6.40312
50 35 26.6833
50 36 32.7567
50 37 28.3019
50 38 11.1803
50 39 22.2036
50 40 59.6825
50 41 50.1597
50 42 44.2041
50 43 57.7062
50 44 34.0588
50 45 31.9061
50 46 24.0832
50 47 31.4006
50 48 35.8469
50 49 12.0416
50 50 0
;
param : V : t :=
0 0
1 10
2 10
3 10
4 10
5 10
6 10
7 10
8 10
9 10
10 10
11 10
12 10
13 10
14 10
15 10
16 10
17 10
18 10
19 10
20 10
21 10
22 10
23 10
24 10
25 10
26 10
27 10
28 10
29 10
30 10
31 10
32 10
33 10
34 10
35 10
36 10
37 10
38 10
39 10
40 10
41 10
42 10
43 10
44 10
45 10
46 10
47 10
48 10
49 10
50 10
;
end;
